1.000000e+01 3.862909e-01
2.000000e+01 3.773128e-01
3.000000e+01 4.196069e-01
4.000000e+01 3.630470e-01
5.000000e+01 3.663831e-01
6.000000e+01 3.605153e-01
7.000000e+01 3.485613e-01
8.000000e+01 3.503784e-01
9.000000e+01 3.420439e-01
1.000000e+02 3.404634e-01
1.100000e+02 3.358087e-01
1.200000e+02 3.338119e-01
1.300000e+02 3.309174e-01
1.400000e+02 3.290504e-01
1.500000e+02 3.271052e-01
1.600000e+02 3.256151e-01
1.700000e+02 3.242426e-01
1.800000e+02 3.230423e-01
1.900000e+02 3.219586e-01
2.000000e+02 3.209500e-01
2.100000e+02 3.200016e-01
2.200000e+02 3.190726e-01
2.300000e+02 3.179689e-01
2.400000e+02 3.159605e-01
2.500000e+02 3.138400e-01
2.600000e+02 3.114699e-01
2.700000e+02 3.086567e-01
2.800000e+02 3.054520e-01
2.900000e+02 3.018426e-01
3.000000e+02 2.977814e-01
3.100000e+02 2.932461e-01
3.200000e+02 2.882324e-01
3.300000e+02 2.827458e-01
3.400000e+02 2.768058e-01
3.500000e+02 2.704520e-01
3.600000e+02 2.637425e-01
3.700000e+02 2.567542e-01
3.800000e+02 2.495813e-01
3.900000e+02 2.423311e-01
4.000000e+02 2.351166e-01
4.100000e+02 2.280471e-01
4.200000e+02 2.212190e-01
4.300000e+02 2.147068e-01
4.400000e+02 2.085581e-01
4.500000e+02 2.027916e-01
4.600000e+02 1.974014e-01
4.700000e+02 1.923638e-01
4.800000e+02 1.876470e-01
4.900000e+02 1.832200e-01
5.000000e+02 1.790583e-01
5.100000e+02 1.751454e-01
5.200000e+02 1.714706e-01
5.300000e+02 1.680241e-01
5.400000e+02 1.647920e-01
5.500000e+02 1.617538e-01
5.600000e+02 1.588822e-01
5.700000e+02 1.561442e-01
5.800000e+02 1.535024e-01
5.900000e+02 1.509207e-01
6.000000e+02 1.483702e-01
6.100000e+02 1.458282e-01
6.200000e+02 1.432778e-01
6.300000e+02 1.407122e-01
6.400000e+02 1.382200e-01
6.500000e+02 1.358699e-01
6.600000e+02 1.335495e-01
6.700000e+02 1.312396e-01
6.800000e+02 1.289815e-01
6.900000e+02 1.267890e-01
7.000000e+02 1.246871e-01
7.100000e+02 1.227015e-01
7.200000e+02 1.208493e-01
7.300000e+02 1.191435e-01
7.400000e+02 1.175932e-01
7.500000e+02 1.161962e-01
7.600000e+02 1.149406e-01
7.700000e+02 1.138051e-01
7.800000e+02 1.127604e-01
7.900000e+02 1.117733e-01
8.000000e+02 1.108108e-01
8.100000e+02 1.098443e-01
8.200000e+02 1.088522e-01
8.300000e+02 1.078217e-01
8.400000e+02 1.067492e-01
8.500000e+02 1.056383e-01
8.600000e+02 1.044986e-01
8.700000e+02 1.033428e-01
8.800000e+02 1.021853e-01
8.900000e+02 1.010403e-01
9.000000e+02 9.992097e-02
9.100000e+02 9.883876e-02
9.200000e+02 9.780328e-02
9.300000e+02 9.682210e-02
9.400000e+02 9.590082e-02
9.500000e+02 9.504313e-02
9.600000e+02 9.425087e-02
9.700000e+02 9.352412e-02
9.800000e+02 9.286122e-02
9.900000e+02 9.225895e-02
1.000000e+03 9.171266e-02
1.010000e+03 9.121654e-02
1.020000e+03 9.076388e-02
1.030000e+03 9.034745e-02
1.040000e+03 8.995978e-02
1.050000e+03 8.959353e-02
1.060000e+03 8.924170e-02
1.070000e+03 8.889790e-02
1.080000e+03 8.855652e-02
1.090000e+03 8.821282e-02
1.100000e+03 8.786302e-02
1.110000e+03 8.750431e-02
1.120000e+03 8.713487e-02
1.130000e+03 8.675377e-02
1.140000e+03 8.636095e-02
1.150000e+03 8.595711e-02
1.160000e+03 8.554357e-02
1.170000e+03 8.512214e-02
1.180000e+03 8.469498e-02
1.190000e+03 8.426440e-02
1.200000e+03 8.383265e-02
1.210000e+03 8.340181e-02
1.220000e+03 8.297357e-02
1.230000e+03 8.254911e-02
1.240000e+03 8.212903e-02
1.250000e+03 8.171334e-02
1.260000e+03 8.130142e-02
1.270000e+03 8.089217e-02
1.280000e+03 8.048409e-02
1.290000e+03 7.998217e-02
1.300000e+03 7.945027e-02
1.310000e+03 7.893336e-02
1.320000e+03 7.840661e-02
1.330000e+03 7.786044e-02
1.340000e+03 7.730065e-02
1.350000e+03 7.673490e-02
1.360000e+03 7.615818e-02
1.370000e+03 7.557083e-02
1.380000e+03 7.497461e-02
1.390000e+03 7.436630e-02
1.400000e+03 7.375145e-02
1.410000e+03 7.380390e-02
1.420000e+03 6.934871e-02
1.430000e+03 8.337814e-02
1.440000e+03 7.121738e-02
1.450000e+03 6.869176e-02
1.460000e+03 7.002335e-02
1.470000e+03 7.057297e-02
1.480000e+03 6.857987e-02
1.490000e+03 6.818580e-02
1.500000e+03 6.767365e-02
1.510000e+03 6.684196e-02
1.520000e+03 6.626467e-02
1.530000e+03 6.561368e-02
1.540000e+03 6.492432e-02
1.550000e+03 6.431865e-02
1.560000e+03 6.370512e-02
1.570000e+03 6.309361e-02
1.580000e+03 6.249955e-02
1.590000e+03 6.192467e-02
1.600000e+03 6.136812e-02
1.610000e+03 6.082965e-02
1.620000e+03 6.031140e-02
1.630000e+03 5.981439e-02
1.640000e+03 5.933572e-02
1.650000e+03 5.887666e-02
1.660000e+03 5.843400e-02
1.670000e+03 5.794470e-02
1.680000e+03 5.542670e-02
1.690000e+03 7.144070e-02
1.700000e+03 5.483076e-02
1.710000e+03 5.605714e-02
1.720000e+03 5.872707e-02
1.730000e+03 5.498361e-02
1.740000e+03 5.630860e-02
1.750000e+03 5.529664e-02
1.760000e+03 5.525719e-02
1.770000e+03 5.480881e-02
1.780000e+03 5.468001e-02
1.790000e+03 5.426735e-02
1.800000e+03 5.406515e-02
1.810000e+03 5.380670e-02
1.820000e+03 5.352588e-02
1.830000e+03 5.326712e-02
1.840000e+03 5.301721e-02
1.850000e+03 5.276919e-02
1.860000e+03 5.252264e-02
1.870000e+03 5.227781e-02
1.880000e+03 5.203487e-02
1.890000e+03 5.179280e-02
1.900000e+03 5.155067e-02
1.910000e+03 5.131015e-02
1.920000e+03 5.106970e-02
1.930000e+03 5.082994e-02
1.940000e+03 5.059010e-02
1.950000e+03 5.034383e-02
1.960000e+03 4.987093e-02
1.970000e+03 6.307239e-02
1.980000e+03 4.858385e-02
1.990000e+03 4.835689e-02
2.000000e+03 5.371837e-02
2.010000e+03 4.853533e-02
2.020000e+03 4.830537e-02
2.030000e+03 4.938913e-02
2.040000e+03 4.821286e-02
2.050000e+03 4.828469e-02
2.060000e+03 4.800319e-02
2.070000e+03 4.776782e-02
2.080000e+03 4.754323e-02
2.090000e+03 4.734222e-02
2.100000e+03 4.709273e-02
2.110000e+03 4.689828e-02
2.120000e+03 4.667612e-02
2.130000e+03 4.645697e-02
2.140000e+03 4.624738e-02
2.150000e+03 4.603890e-02
2.160000e+03 4.583091e-02
2.170000e+03 4.562478e-02
2.180000e+03 4.542097e-02
2.190000e+03 4.521955e-02
2.200000e+03 4.502047e-02
2.210000e+03 4.482348e-02
2.220000e+03 4.462306e-02
2.230000e+03 4.565907e-02
2.240000e+03 4.423707e-02
2.250000e+03 4.420258e-02
2.260000e+03 4.389435e-02
2.270000e+03 4.372699e-02
2.280000e+03 4.356413e-02
2.290000e+03 4.349192e-02
2.300000e+03 4.478323e-02
2.310000e+03 5.823321e-02
2.320000e+03 5.018545e-02
2.330000e+03 4.528148e-02
2.340000e+03 4.299888e-02
2.350000e+03 4.227725e-02
2.360000e+03 4.206056e-02
2.370000e+03 4.197325e-02
2.380000e+03 4.191028e-02
2.390000e+03 4.183725e-02
2.400000e+03 4.171156e-02
2.410000e+03 4.151232e-02
2.420000e+03 4.132664e-02
2.430000e+03 4.121599e-02
2.440000e+03 4.106376e-02
2.450000e+03 4.093094e-02
2.460000e+03 4.078546e-02
2.470000e+03 4.065177e-02
2.480000e+03 4.051345e-02
2.490000e+03 4.031876e-02
2.500000e+03 3.954506e-02
2.510000e+03 4.046412e-02
2.520000e+03 4.408457e-02
2.530000e+03 4.242065e-02
2.540000e+03 3.916477e-02
2.550000e+03 3.983741e-02
2.560000e+03 4.018103e-02
2.570000e+03 3.937452e-02
2.580000e+03 3.920580e-02
2.590000e+03 3.923542e-02
2.600000e+03 3.917764e-02
2.610000e+03 3.905086e-02
2.620000e+03 3.891847e-02
2.630000e+03 3.879642e-02
2.640000e+03 3.868178e-02
2.650000e+03 3.857014e-02
2.660000e+03 3.845940e-02
2.670000e+03 3.834956e-02
2.680000e+03 3.824239e-02
2.690000e+03 3.813824e-02
2.700000e+03 3.803390e-02
2.710000e+03 3.792951e-02
2.720000e+03 3.782672e-02
2.730000e+03 3.772383e-02
2.740000e+03 3.762162e-02
2.750000e+03 3.751984e-02
2.760000e+03 3.741829e-02
2.770000e+03 3.731670e-02
2.780000e+03 3.721083e-02
2.790000e+03 3.698699e-02
2.800000e+03 4.481589e-02
2.810000e+03 4.004999e-02
2.820000e+03 4.075034e-02
2.830000e+03 3.669147e-02
2.840000e+03 3.795194e-02
2.850000e+03 3.629281e-02
2.860000e+03 3.699125e-02
2.870000e+03 3.623744e-02
2.880000e+03 3.644009e-02
2.890000e+03 3.615931e-02
2.900000e+03 3.615088e-02
2.910000e+03 3.600531e-02
2.920000e+03 3.589932e-02
2.930000e+03 3.581563e-02
2.940000e+03 3.569991e-02
2.950000e+03 3.559587e-02
2.960000e+03 3.549482e-02
2.970000e+03 3.538849e-02
2.980000e+03 3.528054e-02
2.990000e+03 3.517164e-02
3.000000e+03 3.506162e-02
3.010000e+03 3.494967e-02
3.020000e+03 3.483565e-02
3.030000e+03 3.471933e-02
3.040000e+03 3.460058e-02
3.050000e+03 3.447922e-02
3.060000e+03 3.435510e-02
3.070000e+03 3.422802e-02
3.080000e+03 3.410138e-02
3.090000e+03 3.397292e-02
3.100000e+03 3.384037e-02
3.110000e+03 3.370381e-02
3.120000e+03 3.356316e-02
3.130000e+03 3.341817e-02
3.140000e+03 3.326938e-02
3.150000e+03 3.311698e-02
3.160000e+03 3.296115e-02
3.170000e+03 3.280215e-02
3.180000e+03 3.264034e-02
3.190000e+03 3.247613e-02
3.200000e+03 3.230997e-02
3.210000e+03 3.214231e-02
3.220000e+03 3.197366e-02
3.230000e+03 3.180454e-02
3.240000e+03 3.163552e-02
3.250000e+03 3.146707e-02
3.260000e+03 3.129770e-02
3.270000e+03 3.106859e-02
3.280000e+03 3.145023e-02
3.290000e+03 5.807774e-02
3.300000e+03 3.519418e-02
3.310000e+03 3.352785e-02
3.320000e+03 3.126375e-02
3.330000e+03 2.987376e-02
3.340000e+03 3.084917e-02
3.350000e+03 2.991092e-02
3.360000e+03 3.003738e-02
3.370000e+03 2.984709e-02
3.380000e+03 2.971964e-02
3.390000e+03 2.963685e-02
3.400000e+03 2.949885e-02
3.410000e+03 2.940831e-02
3.420000e+03 2.929386e-02
3.430000e+03 2.919336e-02
3.440000e+03 2.909118e-02
3.450000e+03 2.898886e-02
3.460000e+03 2.889171e-02
3.470000e+03 2.879237e-02
3.480000e+03 2.869651e-02
3.490000e+03 2.860113e-02
3.500000e+03 2.850668e-02
3.510000e+03 2.841376e-02
3.520000e+03 2.832170e-02
3.530000e+03 2.823062e-02
3.540000e+03 2.814058e-02
3.550000e+03 2.805148e-02
3.560000e+03 2.796327e-02
3.570000e+03 2.787592e-02
3.580000e+03 2.778941e-02
3.590000e+03 2.770369e-02
3.600000e+03 2.761871e-02
3.610000e+03 2.753444e-02
3.620000e+03 2.745083e-02
3.630000e+03 2.736784e-02
3.640000e+03 2.728543e-02
3.650000e+03 2.720355e-02
3.660000e+03 2.712215e-02
3.670000e+03 2.704121e-02
3.680000e+03 2.696067e-02
3.690000e+03 2.688050e-02
3.700000e+03 2.680067e-02
3.710000e+03 2.672115e-02
3.720000e+03 2.664190e-02
3.730000e+03 2.656290e-02
3.740000e+03 2.648413e-02
3.750000e+03 2.640556e-02
3.760000e+03 2.632717e-02
3.770000e+03 2.624895e-02
3.780000e+03 2.617087e-02
3.790000e+03 2.609293e-02
3.800000e+03 2.601511e-02
3.810000e+03 2.593739e-02
3.820000e+03 2.585977e-02
3.830000e+03 2.578223e-02
3.840000e+03 2.570477e-02
3.850000e+03 2.562738e-02
3.860000e+03 2.555005e-02
3.870000e+03 2.547279e-02
3.880000e+03 2.539558e-02
3.890000e+03 2.531844e-02
3.900000e+03 2.524136e-02
3.910000e+03 2.516434e-02
3.920000e+03 2.508739e-02
3.930000e+03 2.501055e-02
3.940000e+03 2.493481e-02
3.950000e+03 2.490468e-02
3.960000e+03 3.046281e-02
3.970000e+03 6.364752e-02
3.980000e+03 6.054400e-02
3.990000e+03 2.645836e-02
4.000000e+03 2.601822e-02
4.010000e+03 2.578290e-02
4.020000e+03 2.507185e-02
4.030000e+03 2.513100e-02
4.040000e+03 2.490138e-02
4.050000e+03 2.489241e-02
4.060000e+03 2.466273e-02
4.070000e+03 2.470482e-02
4.080000e+03 2.453107e-02
4.090000e+03 2.453014e-02
4.100000e+03 2.441588e-02
4.110000e+03 2.438558e-02
4.120000e+03 2.431836e-02
4.130000e+03 2.426756e-02
4.140000e+03 2.421791e-02
4.150000e+03 2.416477e-02
4.160000e+03 2.411755e-02
4.170000e+03 2.406859e-02
4.180000e+03 2.402061e-02
4.190000e+03 2.397374e-02
4.200000e+03 2.392673e-02
4.210000e+03 2.388025e-02
4.220000e+03 2.383417e-02
4.230000e+03 2.378825e-02
4.240000e+03 2.374256e-02
4.250000e+03 2.369709e-02
4.260000e+03 2.365178e-02
4.270000e+03 2.360660e-02
4.280000e+03 2.356156e-02
4.290000e+03 2.351663e-02
4.300000e+03 2.347181e-02
4.310000e+03 2.342708e-02
4.320000e+03 2.338243e-02
4.330000e+03 2.333788e-02
4.340000e+03 2.329340e-02
4.350000e+03 2.324899e-02
4.360000e+03 2.320467e-02
4.370000e+03 2.316041e-02
4.380000e+03 2.311623e-02
4.390000e+03 2.307212e-02
4.400000e+03 2.302809e-02
4.410000e+03 2.298414e-02
4.420000e+03 2.294026e-02
4.430000e+03 2.289646e-02
4.440000e+03 2.285275e-02
4.450000e+03 2.280912e-02
4.460000e+03 2.276558e-02
4.470000e+03 2.272213e-02
4.480000e+03 2.267877e-02
4.490000e+03 2.263548e-02
4.500000e+03 2.259227e-02
4.510000e+03 2.254916e-02
4.520000e+03 2.250613e-02
4.530000e+03 2.246321e-02
4.540000e+03 2.242040e-02
4.550000e+03 2.237769e-02
4.560000e+03 2.233509e-02
4.570000e+03 2.229262e-02
4.580000e+03 2.225026e-02
4.590000e+03 2.220802e-02
4.600000e+03 2.216592e-02
4.610000e+03 2.212394e-02
4.620000e+03 2.208210e-02
4.630000e+03 2.204040e-02
4.640000e+03 2.199883e-02
4.650000e+03 2.195740e-02
4.660000e+03 2.191612e-02
4.670000e+03 2.187499e-02
4.680000e+03 2.183400e-02
4.690000e+03 2.179316e-02
4.700000e+03 2.175247e-02
4.710000e+03 2.171193e-02
4.720000e+03 2.167155e-02
4.730000e+03 2.163132e-02
4.740000e+03 2.159125e-02
4.750000e+03 2.155133e-02
4.760000e+03 2.151157e-02
4.770000e+03 2.147196e-02
4.780000e+03 2.143252e-02
4.790000e+03 2.139323e-02
4.800000e+03 2.135410e-02
4.810000e+03 2.131513e-02
4.820000e+03 2.127632e-02
4.830000e+03 2.123766e-02
4.840000e+03 2.119917e-02
4.850000e+03 2.116083e-02
4.860000e+03 2.112265e-02
4.870000e+03 2.108463e-02
4.880000e+03 2.104677e-02
4.890000e+03 2.100906e-02
4.900000e+03 2.097152e-02
4.910000e+03 2.093413e-02
4.920000e+03 2.089689e-02
4.930000e+03 2.085982e-02
4.940000e+03 2.082290e-02
4.950000e+03 2.078614e-02
4.960000e+03 2.074953e-02
4.970000e+03 2.071308e-02
4.980000e+03 2.067678e-02
4.990000e+03 2.064064e-02
5.000000e+03 2.060465e-02
5.010000e+03 2.056882e-02
5.020000e+03 2.053314e-02
5.030000e+03 2.049762e-02
5.040000e+03 2.046225e-02
5.050000e+03 2.042698e-02
5.060000e+03 2.038954e-02
5.070000e+03 2.024204e-02
5.080000e+03 5.408742e-02
5.090000e+03 3.514774e-02
5.100000e+03 2.343592e-02
5.110000e+03 2.609351e-02
5.120000e+03 2.150006e-02
5.130000e+03 2.020807e-02
5.140000e+03 2.030022e-02
5.150000e+03 2.074516e-02
5.160000e+03 2.058351e-02
5.170000e+03 2.035085e-02
5.180000e+03 2.037526e-02
5.190000e+03 2.037712e-02
5.200000e+03 2.029453e-02
5.210000e+03 2.026830e-02
5.220000e+03 2.024305e-02
5.230000e+03 2.020001e-02
5.240000e+03 2.017257e-02
5.250000e+03 2.014067e-02
5.260000e+03 2.011039e-02
5.270000e+03 2.008205e-02
5.280000e+03 2.005281e-02
5.290000e+03 2.002506e-02
5.300000e+03 1.999709e-02
5.310000e+03 1.996995e-02
5.320000e+03 1.994295e-02
5.330000e+03 1.991639e-02
5.340000e+03 1.989005e-02
5.350000e+03 1.986397e-02
5.360000e+03 1.983814e-02
5.370000e+03 1.981249e-02
5.380000e+03 1.978705e-02
5.390000e+03 1.976177e-02
5.400000e+03 1.973664e-02
5.410000e+03 1.971166e-02
5.420000e+03 1.968681e-02
5.430000e+03 1.966209e-02
5.440000e+03 1.963748e-02
5.450000e+03 1.961299e-02
5.460000e+03 1.958860e-02
5.470000e+03 1.956430e-02
5.480000e+03 1.954010e-02
5.490000e+03 1.951599e-02
5.500000e+03 1.949196e-02
5.510000e+03 1.946802e-02
5.520000e+03 1.944415e-02
5.530000e+03 1.942036e-02
5.540000e+03 1.939665e-02
5.550000e+03 1.937301e-02
5.560000e+03 1.934945e-02
5.570000e+03 1.932595e-02
5.580000e+03 1.930252e-02
5.590000e+03 1.927915e-02
5.600000e+03 1.925586e-02
5.610000e+03 1.923262e-02
5.620000e+03 1.920945e-02
5.630000e+03 1.918635e-02
5.640000e+03 1.916330e-02
5.650000e+03 1.914030e-02
5.660000e+03 1.911736e-02
5.670000e+03 1.909447e-02
5.680000e+03 1.907163e-02
5.690000e+03 1.904885e-02
5.700000e+03 1.902611e-02
5.710000e+03 1.900343e-02
5.720000e+03 1.898080e-02
5.730000e+03 1.895822e-02
5.740000e+03 1.893570e-02
5.750000e+03 1.891322e-02
5.760000e+03 1.889080e-02
5.770000e+03 1.886843e-02
5.780000e+03 1.884615e-02
5.790000e+03 1.882557e-02
5.800000e+03 1.889364e-02
5.810000e+03 4.045455e-02
5.820000e+03 6.085735e-02
5.830000e+03 4.240787e-02
5.840000e+03 3.061927e-02
5.850000e+03 2.302497e-02
5.860000e+03 2.086957e-02
5.870000e+03 1.992532e-02
5.880000e+03 1.961016e-02
5.890000e+03 1.918155e-02
5.900000e+03 1.907405e-02
5.910000e+03 1.905331e-02
5.920000e+03 1.901803e-02
5.930000e+03 1.896671e-02
5.940000e+03 1.892785e-02
5.950000e+03 1.890290e-02
5.960000e+03 1.888003e-02
5.970000e+03 1.885806e-02
5.980000e+03 1.883641e-02
5.990000e+03 1.881613e-02
6.000000e+03 1.879731e-02
6.010000e+03 1.877929e-02
6.020000e+03 1.876162e-02
6.030000e+03 1.874408e-02
6.040000e+03 1.872668e-02
6.050000e+03 1.870954e-02
6.060000e+03 1.869269e-02
6.070000e+03 1.867609e-02
6.080000e+03 1.865968e-02
6.090000e+03 1.864343e-02
6.100000e+03 1.862734e-02
6.110000e+03 1.861140e-02
6.120000e+03 1.859557e-02
6.130000e+03 1.857985e-02
6.140000e+03 1.856423e-02
6.150000e+03 1.854869e-02
6.160000e+03 1.853322e-02
6.170000e+03 1.851781e-02
6.180000e+03 1.850246e-02
6.190000e+03 1.848716e-02
6.200000e+03 1.847189e-02
6.210000e+03 1.845666e-02
6.220000e+03 1.844145e-02
6.230000e+03 1.842627e-02
6.240000e+03 1.841110e-02
6.250000e+03 1.839596e-02
6.260000e+03 1.838082e-02
6.270000e+03 1.836570e-02
6.280000e+03 1.835058e-02
6.290000e+03 1.833546e-02
6.300000e+03 1.832035e-02
6.310000e+03 1.830524e-02
6.320000e+03 1.829013e-02
6.330000e+03 1.827502e-02
6.340000e+03 1.825990e-02
6.350000e+03 1.824478e-02
6.360000e+03 1.822966e-02
6.370000e+03 1.821453e-02
6.380000e+03 1.819939e-02
6.390000e+03 1.818425e-02
6.400000e+03 1.816910e-02
6.410000e+03 1.815395e-02
6.420000e+03 1.813878e-02
6.430000e+03 1.812361e-02
6.440000e+03 1.810843e-02
6.450000e+03 1.809324e-02
6.460000e+03 1.807804e-02
6.470000e+03 1.806283e-02
6.480000e+03 1.804761e-02
6.490000e+03 1.803238e-02
6.500000e+03 1.801715e-02
6.510000e+03 1.800190e-02
6.520000e+03 1.798664e-02
6.530000e+03 1.797136e-02
6.540000e+03 1.795608e-02
6.550000e+03 1.794077e-02
6.560000e+03 1.792546e-02
6.570000e+03 1.791013e-02
6.580000e+03 1.789478e-02
6.590000e+03 1.787942e-02
6.600000e+03 1.786404e-02
6.610000e+03 1.784865e-02
6.620000e+03 1.783325e-02
6.630000e+03 1.781783e-02
6.640000e+03 1.780239e-02
6.650000e+03 1.778694e-02
6.660000e+03 1.777148e-02
6.670000e+03 1.775600e-02
6.680000e+03 1.774050e-02
6.690000e+03 1.772499e-02
6.700000e+03 1.770946e-02
6.710000e+03 1.769391e-02
6.720000e+03 1.767835e-02
6.730000e+03 1.766277e-02
6.740000e+03 1.764718e-02
6.750000e+03 1.763156e-02
6.760000e+03 1.761591e-02
6.770000e+03 1.759918e-02
6.780000e+03 1.752934e-02
6.790000e+03 2.997123e-02
6.800000e+03 4.090694e-02
6.810000e+03 2.013606e-02
6.820000e+03 2.026252e-02
6.830000e+03 2.098502e-02
6.840000e+03 1.913447e-02
6.850000e+03 1.883803e-02
6.860000e+03 1.828193e-02
6.870000e+03 1.780633e-02
6.880000e+03 1.764926e-02
6.890000e+03 1.761090e-02
6.900000e+03 1.762120e-02
6.910000e+03 1.763150e-02
6.920000e+03 1.762574e-02
6.930000e+03 1.760858e-02
6.940000e+03 1.758688e-02
6.950000e+03 1.756892e-02
6.960000e+03 1.755576e-02
6.970000e+03 1.754457e-02
6.980000e+03 1.753265e-02
6.990000e+03 1.751992e-02
7.000000e+03 1.750770e-02
7.010000e+03 1.749604e-02
7.020000e+03 1.748443e-02
7.030000e+03 1.747286e-02
7.040000e+03 1.746154e-02
7.050000e+03 1.745035e-02
7.060000e+03 1.743923e-02
7.070000e+03 1.742821e-02
7.080000e+03 1.741726e-02
7.090000e+03 1.740636e-02
7.100000e+03 1.739550e-02
7.110000e+03 1.738467e-02
7.120000e+03 1.737385e-02
7.130000e+03 1.736305e-02
7.140000e+03 1.735225e-02
7.150000e+03 1.734144e-02
7.160000e+03 1.733062e-02
7.170000e+03 1.731979e-02
7.180000e+03 1.730894e-02
7.190000e+03 1.729807e-02
7.200000e+03 1.728717e-02
7.210000e+03 1.727625e-02
7.220000e+03 1.726529e-02
7.230000e+03 1.725430e-02
7.240000e+03 1.724328e-02
7.250000e+03 1.723223e-02
7.260000e+03 1.722114e-02
7.270000e+03 1.721002e-02
7.280000e+03 1.719886e-02
7.290000e+03 1.718766e-02
7.300000e+03 1.717643e-02
7.310000e+03 1.716516e-02
7.320000e+03 1.715385e-02
7.330000e+03 1.714251e-02
7.340000e+03 1.713113e-02
7.350000e+03 1.711972e-02
7.360000e+03 1.710826e-02
7.370000e+03 1.709678e-02
7.380000e+03 1.708526e-02
7.390000e+03 1.707370e-02
7.400000e+03 1.706211e-02
7.410000e+03 1.705049e-02
7.420000e+03 1.703883e-02
7.430000e+03 1.702714e-02
7.440000e+03 1.701542e-02
7.450000e+03 1.700366e-02
7.460000e+03 1.699188e-02
7.470000e+03 1.698007e-02
7.480000e+03 1.696822e-02
7.490000e+03 1.695635e-02
7.500000e+03 1.694445e-02
7.510000e+03 1.693252e-02
7.520000e+03 1.692057e-02
7.530000e+03 1.690859e-02
7.540000e+03 1.689659e-02
7.550000e+03 1.688457e-02
7.560000e+03 1.687252e-02
7.570000e+03 1.686045e-02
7.580000e+03 1.684836e-02
7.590000e+03 1.683625e-02
7.600000e+03 1.682413e-02
7.610000e+03 1.681198e-02
7.620000e+03 1.679982e-02
7.630000e+03 1.678764e-02
7.640000e+03 1.677546e-02
7.650000e+03 1.676329e-02
7.660000e+03 1.675243e-02
7.670000e+03 1.679778e-02
7.680000e+03 2.569309e-02
7.690000e+03 1.886418e-02
7.700000e+03 2.445194e-02
7.710000e+03 2.132177e-02
7.720000e+03 1.821565e-02
7.730000e+03 1.698250e-02
7.740000e+03 1.676657e-02
7.750000e+03 1.694061e-02
7.760000e+03 1.677591e-02
7.770000e+03 1.663441e-02
7.780000e+03 1.671889e-02
7.790000e+03 1.672433e-02
7.800000e+03 1.667237e-02
7.810000e+03 1.667665e-02
7.820000e+03 1.666218e-02
7.830000e+03 1.664509e-02
7.840000e+03 1.664148e-02
7.850000e+03 1.663058e-02
7.860000e+03 1.662319e-02
7.870000e+03 1.661426e-02
7.880000e+03 1.660550e-02
7.890000e+03 1.659731e-02
7.900000e+03 1.658898e-02
7.910000e+03 1.658079e-02
7.920000e+03 1.657255e-02
7.930000e+03 1.656441e-02
7.940000e+03 1.655631e-02
7.950000e+03 1.654820e-02
7.960000e+03 1.654012e-02
7.970000e+03 1.653205e-02
7.980000e+03 1.652399e-02
7.990000e+03 1.651594e-02
8.000000e+03 1.650788e-02
8.010000e+03 1.649983e-02
8.020000e+03 1.649179e-02
8.030000e+03 1.648374e-02
8.040000e+03 1.647570e-02
8.050000e+03 1.646766e-02
8.060000e+03 1.645963e-02
8.070000e+03 1.645160e-02
8.080000e+03 1.644358e-02
8.090000e+03 1.643556e-02
8.100000e+03 1.642756e-02
8.110000e+03 1.641956e-02
8.120000e+03 1.641158e-02
8.130000e+03 1.640361e-02
8.140000e+03 1.639565e-02
8.150000e+03 1.638771e-02
8.160000e+03 1.637978e-02
8.170000e+03 1.637188e-02
8.180000e+03 1.636399e-02
8.190000e+03 1.635612e-02
8.200000e+03 1.634827e-02
8.210000e+03 1.634045e-02
8.220000e+03 1.633264e-02
8.230000e+03 1.632486e-02
8.240000e+03 1.631710e-02
8.250000e+03 1.630937e-02
8.260000e+03 1.630166e-02
8.270000e+03 1.629397e-02
8.280000e+03 1.628631e-02
8.290000e+03 1.627867e-02
8.300000e+03 1.627106e-02
8.310000e+03 1.626347e-02
8.320000e+03 1.625591e-02
8.330000e+03 1.624837e-02
8.340000e+03 1.624085e-02
8.350000e+03 1.623336e-02
8.360000e+03 1.622589e-02
8.370000e+03 1.621844e-02
8.380000e+03 1.621102e-02
8.390000e+03 1.620361e-02
8.400000e+03 1.619623e-02
8.410000e+03 1.618885e-02
8.420000e+03 1.618063e-02
8.430000e+03 1.613188e-02
8.440000e+03 1.889712e-02
8.450000e+03 3.702350e-02
8.460000e+03 3.192850e-02
8.470000e+03 2.036919e-02
8.480000e+03 1.783669e-02
8.490000e+03 1.705210e-02
8.500000e+03 1.674542e-02
8.510000e+03 1.654484e-02
8.520000e+03 1.648081e-02
8.530000e+03 1.629308e-02
8.540000e+03 1.637823e-02
8.550000e+03 1.639215e-02
8.560000e+03 1.630391e-02
8.570000e+03 1.630155e-02
8.580000e+03 1.629431e-02
8.590000e+03 1.628442e-02
8.600000e+03 1.627978e-02
8.610000e+03 1.626656e-02
8.620000e+03 1.625967e-02
8.630000e+03 1.625053e-02
8.640000e+03 1.624385e-02
8.650000e+03 1.623632e-02
8.660000e+03 1.622961e-02
8.670000e+03 1.622266e-02
8.680000e+03 1.621611e-02
8.690000e+03 1.620959e-02
8.700000e+03 1.620327e-02
8.710000e+03 1.619706e-02
8.720000e+03 1.619095e-02
8.730000e+03 1.618493e-02
8.740000e+03 1.617898e-02
8.750000e+03 1.617310e-02
8.760000e+03 1.616726e-02
8.770000e+03 1.616147e-02
8.780000e+03 1.615572e-02
8.790000e+03 1.614999e-02
8.800000e+03 1.614429e-02
8.810000e+03 1.613861e-02
8.820000e+03 1.613294e-02
8.830000e+03 1.612729e-02
8.840000e+03 1.612164e-02
8.850000e+03 1.611601e-02
8.860000e+03 1.611038e-02
8.870000e+03 1.610475e-02
8.880000e+03 1.609912e-02
8.890000e+03 1.609350e-02
8.900000e+03 1.608788e-02
8.910000e+03 1.608225e-02
8.920000e+03 1.607663e-02
8.930000e+03 1.607100e-02
8.940000e+03 1.606537e-02
8.950000e+03 1.605973e-02
8.960000e+03 1.605410e-02
8.970000e+03 1.604846e-02
8.980000e+03 1.604281e-02
8.990000e+03 1.603717e-02
9.000000e+03 1.603151e-02
9.010000e+03 1.602586e-02
9.020000e+03 1.602020e-02
9.030000e+03 1.601454e-02
9.040000e+03 1.600887e-02
9.050000e+03 1.600320e-02
9.060000e+03 1.599752e-02
9.070000e+03 1.599185e-02
9.080000e+03 1.598616e-02
9.090000e+03 1.598048e-02
9.100000e+03 1.597479e-02
9.110000e+03 1.596910e-02
9.120000e+03 1.596340e-02
9.130000e+03 1.595770e-02
9.140000e+03 1.595200e-02
9.150000e+03 1.594629e-02
9.160000e+03 1.594055e-02
9.170000e+03 1.593368e-02
9.180000e+03 1.587216e-02
9.190000e+03 2.269405e-02
9.200000e+03 1.719741e-02
9.210000e+03 2.667739e-02
9.220000e+03 1.625959e-02
9.230000e+03 1.603456e-02
9.240000e+03 1.648553e-02
9.250000e+03 1.671778e-02
9.260000e+03 1.584479e-02
9.270000e+03 1.580196e-02
9.280000e+03 1.604890e-02
9.290000e+03 1.594511e-02
9.300000e+03 1.587333e-02
9.310000e+03 1.592358e-02
9.320000e+03 1.590349e-02
9.330000e+03 1.588790e-02
9.340000e+03 1.589450e-02
9.350000e+03 1.588588e-02
9.360000e+03 1.588280e-02
9.370000e+03 1.588020e-02
9.380000e+03 1.587542e-02
9.390000e+03 1.587284e-02
9.400000e+03 1.586884e-02
9.410000e+03 1.586584e-02
9.420000e+03 1.586231e-02
9.430000e+03 1.585916e-02
9.440000e+03 1.585582e-02
9.450000e+03 1.585261e-02
9.460000e+03 1.584934e-02
9.470000e+03 1.584608e-02
9.480000e+03 1.584281e-02
9.490000e+03 1.583952e-02
9.500000e+03 1.583622e-02
9.510000e+03 1.583290e-02
9.520000e+03 1.582955e-02
9.530000e+03 1.582618e-02
9.540000e+03 1.582278e-02
9.550000e+03 1.581936e-02
9.560000e+03 1.581591e-02
9.570000e+03 1.581243e-02
9.580000e+03 1.580893e-02
9.590000e+03 1.580539e-02
9.600000e+03 1.580183e-02
9.610000e+03 1.579824e-02
9.620000e+03 1.579462e-02
9.630000e+03 1.579097e-02
9.640000e+03 1.578729e-02
9.650000e+03 1.578358e-02
9.660000e+03 1.577984e-02
9.670000e+03 1.577608e-02
9.680000e+03 1.577229e-02
9.690000e+03 1.576847e-02
9.700000e+03 1.576462e-02
9.710000e+03 1.576075e-02
9.720000e+03 1.575685e-02
9.730000e+03 1.575292e-02
9.740000e+03 1.574897e-02
9.750000e+03 1.574499e-02
9.760000e+03 1.574099e-02
9.770000e+03 1.573696e-02
9.780000e+03 1.573291e-02
9.790000e+03 1.572884e-02
9.800000e+03 1.572473e-02
9.810000e+03 1.572061e-02
9.820000e+03 1.571646e-02
9.830000e+03 1.571229e-02
9.840000e+03 1.570810e-02
9.850000e+03 1.570389e-02
9.860000e+03 1.569965e-02
9.870000e+03 1.569539e-02
9.880000e+03 1.569111e-02
9.890000e+03 1.568680e-02
9.900000e+03 1.568246e-02
9.910000e+03 1.567752e-02
9.920000e+03 1.564709e-02
9.930000e+03 1.700969e-02
9.940000e+03 3.800942e-02
9.950000e+03 2.175422e-02
9.960000e+03 1.688327e-02
9.970000e+03 1.775849e-02
9.980000e+03 1.601573e-02
9.990000e+03 1.569961e-02
1.000000e+04 1.589636e-02
