1.000000e+01 3.337520e-01
2.000000e+01 3.398399e-01
3.000000e+01 2.992045e-01
4.000000e+01 3.007543e-01
5.000000e+01 3.045827e-01
6.000000e+01 3.016063e-01
7.000000e+01 2.990335e-01
8.000000e+01 2.997111e-01
9.000000e+01 2.988577e-01
1.000000e+02 2.980350e-01
1.100000e+02 2.980228e-01
1.200000e+02 2.983835e-01
1.300000e+02 2.990483e-01
1.400000e+02 2.995941e-01
1.500000e+02 3.003371e-01
1.600000e+02 3.009977e-01
1.700000e+02 3.017742e-01
1.800000e+02 3.024283e-01
1.900000e+02 3.030596e-01
2.000000e+02 3.036328e-01
2.100000e+02 3.041437e-01
2.200000e+02 3.045992e-01
2.300000e+02 3.050096e-01
2.400000e+02 3.054356e-01
2.500000e+02 3.057441e-01
2.600000e+02 3.059281e-01
2.700000e+02 3.059926e-01
2.800000e+02 3.059559e-01
2.900000e+02 3.058501e-01
3.000000e+02 3.056869e-01
3.100000e+02 3.054620e-01
3.200000e+02 3.051731e-01
3.300000e+02 3.048249e-01
3.400000e+02 3.044245e-01
3.500000e+02 3.039793e-01
3.600000e+02 3.034944e-01
3.700000e+02 3.029723e-01
3.800000e+02 3.024162e-01
3.900000e+02 3.018311e-01
4.000000e+02 3.012232e-01
4.100000e+02 3.006003e-01
4.200000e+02 2.999721e-01
4.300000e+02 2.993487e-01
4.400000e+02 2.987410e-01
4.500000e+02 2.981599e-01
4.600000e+02 2.976162e-01
4.700000e+02 2.971191e-01
4.800000e+02 2.966759e-01
4.900000e+02 2.962906e-01
5.000000e+02 2.959636e-01
5.100000e+02 2.956915e-01
5.200000e+02 2.954677e-01
5.300000e+02 2.952828e-01
5.400000e+02 2.951265e-01
5.500000e+02 2.949877e-01
5.600000e+02 2.948556e-01
5.700000e+02 2.947213e-01
5.800000e+02 2.945766e-01
5.900000e+02 2.944155e-01
6.000000e+02 2.942356e-01
6.100000e+02 2.940360e-01
6.200000e+02 2.938175e-01
6.300000e+02 2.935816e-01
6.400000e+02 2.934406e-01
6.500000e+02 2.933638e-01
6.600000e+02 2.933174e-01
6.700000e+02 2.932694e-01
6.800000e+02 2.932014e-01
6.900000e+02 2.931116e-01
7.000000e+02 2.929972e-01
7.100000e+02 2.928562e-01
7.200000e+02 2.926845e-01
7.300000e+02 2.924829e-01
7.400000e+02 2.922515e-01
7.500000e+02 2.919914e-01
7.600000e+02 2.917057e-01
7.700000e+02 2.913983e-01
7.800000e+02 2.910748e-01
7.900000e+02 2.907410e-01
8.000000e+02 2.904030e-01
8.100000e+02 2.900661e-01
8.200000e+02 2.897343e-01
8.300000e+02 2.894099e-01
8.400000e+02 2.890935e-01
8.500000e+02 2.887843e-01
8.600000e+02 2.884804e-01
8.700000e+02 2.881794e-01
8.800000e+02 2.878788e-01
8.900000e+02 2.875765e-01
9.000000e+02 2.872710e-01
9.100000e+02 2.869614e-01
9.200000e+02 2.866475e-01
9.300000e+02 2.863296e-01
9.400000e+02 2.860083e-01
9.500000e+02 2.856845e-01
9.600000e+02 2.853591e-01
9.700000e+02 2.850332e-01
9.800000e+02 2.847078e-01
9.900000e+02 2.843839e-01
1.000000e+03 2.840624e-01
1.010000e+03 2.837442e-01
1.020000e+03 2.834300e-01
1.030000e+03 2.831204e-01
1.040000e+03 2.828157e-01
1.050000e+03 2.825163e-01
1.060000e+03 2.822221e-01
1.070000e+03 2.819331e-01
1.080000e+03 2.816491e-01
1.090000e+03 2.813696e-01
1.100000e+03 2.810943e-01
1.110000e+03 2.808225e-01
1.120000e+03 2.805536e-01
1.130000e+03 2.802869e-01
1.140000e+03 2.800219e-01
1.150000e+03 2.797578e-01
1.160000e+03 2.794941e-01
1.170000e+03 2.792301e-01
1.180000e+03 2.789654e-01
1.190000e+03 2.786997e-01
1.200000e+03 2.784326e-01
1.210000e+03 2.781640e-01
1.220000e+03 2.778939e-01
1.230000e+03 2.776223e-01
1.240000e+03 2.773494e-01
1.250000e+03 2.770756e-01
1.260000e+03 2.768010e-01
1.270000e+03 2.765261e-01
1.280000e+03 2.762513e-01
1.290000e+03 2.759656e-01
1.300000e+03 2.756185e-01
1.310000e+03 2.753459e-01
1.320000e+03 2.751062e-01
1.330000e+03 2.748530e-01
1.340000e+03 2.745978e-01
1.350000e+03 2.743339e-01
1.360000e+03 2.740664e-01
1.370000e+03 2.737936e-01
1.380000e+03 2.735160e-01
1.390000e+03 2.732342e-01
1.400000e+03 2.729487e-01
1.410000e+03 2.727533e-01
1.420000e+03 2.723296e-01
1.430000e+03 2.735445e-01
1.440000e+03 2.717455e-01
1.450000e+03 2.709787e-01
1.460000e+03 2.712627e-01
1.470000e+03 2.712074e-01
1.480000e+03 2.706585e-01
1.490000e+03 2.704322e-01
1.500000e+03 2.701595e-01
1.510000e+03 2.698181e-01
1.520000e+03 2.695266e-01
1.530000e+03 2.692138e-01
1.540000e+03 2.688876e-01
1.550000e+03 2.685737e-01
1.560000e+03 2.682522e-01
1.570000e+03 2.679255e-01
1.580000e+03 2.675965e-01
1.590000e+03 2.672654e-01
1.600000e+03 2.669322e-01
1.610000e+03 2.665966e-01
1.620000e+03 2.662592e-01
1.630000e+03 2.659203e-01
1.640000e+03 2.655794e-01
1.650000e+03 2.652367e-01
1.660000e+03 2.648919e-01
1.670000e+03 2.645322e-01
1.680000e+03 2.634882e-01
1.690000e+03 2.664367e-01
1.700000e+03 2.625356e-01
1.710000e+03 2.637565e-01
1.720000e+03 2.632964e-01
1.730000e+03 2.620033e-01
1.740000e+03 2.626775e-01
1.750000e+03 2.616987e-01
1.760000e+03 2.617004e-01
1.770000e+03 2.611559e-01
1.780000e+03 2.609377e-01
1.790000e+03 2.604888e-01
1.800000e+03 2.601847e-01
1.810000e+03 2.598057e-01
1.820000e+03 2.594315e-01
1.830000e+03 2.590682e-01
1.840000e+03 2.586913e-01
1.850000e+03 2.583080e-01
1.860000e+03 2.579216e-01
1.870000e+03 2.575307e-01
1.880000e+03 2.571342e-01
1.890000e+03 2.567320e-01
1.900000e+03 2.563238e-01
1.910000e+03 2.559096e-01
1.920000e+03 2.554891e-01
1.930000e+03 2.550621e-01
1.940000e+03 2.546283e-01
1.950000e+03 2.541873e-01
1.960000e+03 2.537326e-01
1.970000e+03 2.529581e-01
1.980000e+03 2.532071e-01
1.990000e+03 2.520228e-01
2.000000e+03 2.523077e-01
2.010000e+03 2.515756e-01
2.020000e+03 2.510228e-01
2.030000e+03 2.507374e-01
2.040000e+03 2.500982e-01
2.050000e+03 2.496937e-01
2.060000e+03 2.491925e-01
2.070000e+03 2.486855e-01
2.080000e+03 2.481695e-01
2.090000e+03 2.476490e-01
2.100000e+03 2.471076e-01
2.110000e+03 2.465727e-01
2.120000e+03 2.460215e-01
2.130000e+03 2.454622e-01
2.140000e+03 2.448954e-01
2.150000e+03 2.443199e-01
2.160000e+03 2.437355e-01
2.170000e+03 2.431423e-01
2.180000e+03 2.425407e-01
2.190000e+03 2.419309e-01
2.200000e+03 2.413125e-01
2.210000e+03 2.406774e-01
2.220000e+03 2.397937e-01
2.230000e+03 2.452213e-01
2.240000e+03 2.419350e-01
2.250000e+03 2.386443e-01
2.260000e+03 2.387108e-01
2.270000e+03 2.374654e-01
2.280000e+03 2.371576e-01
2.290000e+03 2.362972e-01
2.300000e+03 2.356180e-01
2.310000e+03 2.356813e-01
2.320000e+03 2.353198e-01
2.330000e+03 2.353271e-01
2.340000e+03 2.347507e-01
2.350000e+03 2.341149e-01
2.360000e+03 2.336738e-01
2.370000e+03 2.333405e-01
2.380000e+03 2.330179e-01
2.390000e+03 2.326679e-01
2.400000e+03 2.322892e-01
2.410000e+03 2.318860e-01
2.420000e+03 2.314802e-01
2.430000e+03 2.310938e-01
2.440000e+03 2.306903e-01
2.450000e+03 2.302897e-01
2.460000e+03 2.298794e-01
2.470000e+03 2.294672e-01
2.480000e+03 2.290476e-01
2.490000e+03 2.285990e-01
2.500000e+03 2.276726e-01
2.510000e+03 2.282328e-01
2.520000e+03 2.294513e-01
2.530000e+03 2.271876e-01
2.540000e+03 2.255351e-01
2.550000e+03 2.265961e-01
2.560000e+03 2.261608e-01
2.570000e+03 2.250968e-01
2.580000e+03 2.247109e-01
2.590000e+03 2.244691e-01
2.600000e+03 2.240641e-01
2.610000e+03 2.235872e-01
2.620000e+03 2.231021e-01
2.630000e+03 2.226169e-01
2.640000e+03 2.221340e-01
2.650000e+03 2.216463e-01
2.660000e+03 2.211512e-01
2.670000e+03 2.206498e-01
2.680000e+03 2.201433e-01
2.690000e+03 2.196332e-01
2.700000e+03 2.191155e-01
2.710000e+03 2.185898e-01
2.720000e+03 2.180586e-01
2.730000e+03 2.175199e-01
2.740000e+03 2.169747e-01
2.750000e+03 2.164225e-01
2.760000e+03 2.158634e-01
2.770000e+03 2.152970e-01
2.780000e+03 2.147200e-01
2.790000e+03 2.140352e-01
2.800000e+03 2.095265e-01
2.810000e+03 2.084883e-01
2.820000e+03 2.191687e-01
2.830000e+03 2.076108e-01
2.840000e+03 2.082424e-01
2.850000e+03 2.130574e-01
2.860000e+03 2.111205e-01
2.870000e+03 2.094962e-01
2.880000e+03 2.084821e-01
2.890000e+03 2.086134e-01
2.900000e+03 2.079774e-01
2.910000e+03 2.071351e-01
2.920000e+03 2.065389e-01
2.930000e+03 2.059358e-01
2.940000e+03 2.052203e-01
2.950000e+03 2.045501e-01
2.960000e+03 2.038573e-01
2.970000e+03 2.031338e-01
2.980000e+03 2.024129e-01
2.990000e+03 2.016628e-01
3.000000e+03 2.009004e-01
3.010000e+03 2.001150e-01
3.020000e+03 1.993103e-01
3.030000e+03 1.984814e-01
3.040000e+03 1.976286e-01
3.050000e+03 1.967484e-01
3.060000e+03 1.958394e-01
3.070000e+03 1.948988e-01
3.080000e+03 1.939456e-01
3.090000e+03 1.929696e-01
3.100000e+03 1.919621e-01
3.110000e+03 1.909142e-01
3.120000e+03 1.904281e-01
3.130000e+03 1.902151e-01
3.140000e+03 1.900123e-01
3.150000e+03 1.898163e-01
3.160000e+03 1.896220e-01
3.170000e+03 1.894237e-01
3.180000e+03 1.892139e-01
3.190000e+03 1.889839e-01
3.200000e+03 1.887239e-01
3.210000e+03 1.884229e-01
3.220000e+03 1.880695e-01
3.230000e+03 1.876527e-01
3.240000e+03 1.871629e-01
3.250000e+03 1.865924e-01
3.260000e+03 1.859358e-01
3.270000e+03 1.851687e-01
3.280000e+03 1.833866e-01
3.290000e+03 1.847544e-01
3.300000e+03 1.808590e-01
3.310000e+03 1.787200e-01
3.320000e+03 1.846891e-01
3.330000e+03 1.778826e-01
3.340000e+03 1.763718e-01
3.350000e+03 1.780037e-01
3.360000e+03 1.755287e-01
3.370000e+03 1.738432e-01
3.380000e+03 1.731702e-01
3.390000e+03 1.716840e-01
3.400000e+03 1.702641e-01
3.410000e+03 1.690678e-01
3.420000e+03 1.676804e-01
3.430000e+03 1.663587e-01
3.440000e+03 1.650519e-01
3.450000e+03 1.637195e-01
3.460000e+03 1.624241e-01
3.470000e+03 1.611246e-01
3.480000e+03 1.598472e-01
3.490000e+03 1.585818e-01
3.500000e+03 1.573356e-01
3.510000e+03 1.561071e-01
3.520000e+03 1.548988e-01
3.530000e+03 1.537686e-01
3.540000e+03 1.537031e-01
3.550000e+03 1.536584e-01
3.560000e+03 1.536321e-01
3.570000e+03 1.536230e-01
3.580000e+03 1.536293e-01
3.590000e+03 1.536496e-01
3.600000e+03 1.536827e-01
3.610000e+03 1.537271e-01
3.620000e+03 1.537819e-01
3.630000e+03 1.538459e-01
3.640000e+03 1.539182e-01
3.650000e+03 1.539978e-01
3.660000e+03 1.540838e-01
3.670000e+03 1.541756e-01
3.680000e+03 1.542724e-01
3.690000e+03 1.543735e-01
3.700000e+03 1.544783e-01
3.710000e+03 1.545864e-01
3.720000e+03 1.546973e-01
3.730000e+03 1.548104e-01
3.740000e+03 1.549255e-01
3.750000e+03 1.550422e-01
3.760000e+03 1.551601e-01
3.770000e+03 1.552790e-01
3.780000e+03 1.553987e-01
3.790000e+03 1.555188e-01
3.800000e+03 1.556393e-01
3.810000e+03 1.557598e-01
3.820000e+03 1.558803e-01
3.830000e+03 1.560005e-01
3.840000e+03 1.561204e-01
3.850000e+03 1.562396e-01
3.860000e+03 1.563582e-01
3.870000e+03 1.564760e-01
3.880000e+03 1.565929e-01
3.890000e+03 1.567088e-01
3.900000e+03 1.568236e-01
3.910000e+03 1.569371e-01
3.920000e+03 1.570495e-01
3.930000e+03 1.571605e-01
3.940000e+03 1.572707e-01
3.950000e+03 1.574048e-01
3.960000e+03 1.588768e-01
3.970000e+03 1.701975e-01
3.980000e+03 1.715384e-01
3.990000e+03 1.579129e-01
4.000000e+03 1.629567e-01
4.010000e+03 1.504721e-01
4.020000e+03 1.545411e-01
4.030000e+03 1.576776e-01
4.040000e+03 1.583336e-01
4.050000e+03 1.591437e-01
4.060000e+03 1.582751e-01
4.070000e+03 1.586042e-01
4.080000e+03 1.581970e-01
4.090000e+03 1.587945e-01
4.100000e+03 1.587274e-01
4.110000e+03 1.589694e-01
4.120000e+03 1.589733e-01
4.130000e+03 1.590726e-01
4.140000e+03 1.591869e-01
4.150000e+03 1.592721e-01
4.160000e+03 1.593748e-01
4.170000e+03 1.594617e-01
4.180000e+03 1.595527e-01
4.190000e+03 1.596470e-01
4.200000e+03 1.597363e-01
4.210000e+03 1.598249e-01
4.220000e+03 1.599133e-01
4.230000e+03 1.600000e-01
4.240000e+03 1.600854e-01
4.250000e+03 1.601697e-01
4.260000e+03 1.602526e-01
4.270000e+03 1.603343e-01
4.280000e+03 1.604146e-01
4.290000e+03 1.604936e-01
4.300000e+03 1.605712e-01
4.310000e+03 1.606475e-01
4.320000e+03 1.607225e-01
4.330000e+03 1.607962e-01
4.340000e+03 1.608686e-01
4.350000e+03 1.609397e-01
4.360000e+03 1.610094e-01
4.370000e+03 1.610779e-01
4.380000e+03 1.611452e-01
4.390000e+03 1.612112e-01
4.400000e+03 1.612759e-01
4.410000e+03 1.613395e-01
4.420000e+03 1.614018e-01
4.430000e+03 1.614630e-01
4.440000e+03 1.615231e-01
4.450000e+03 1.615820e-01
4.460000e+03 1.616398e-01
4.470000e+03 1.616965e-01
4.480000e+03 1.617520e-01
4.490000e+03 1.618065e-01
4.500000e+03 1.618599e-01
4.510000e+03 1.619122e-01
4.520000e+03 1.619636e-01
4.530000e+03 1.620140e-01
4.540000e+03 1.620635e-01
4.550000e+03 1.621121e-01
4.560000e+03 1.621598e-01
4.570000e+03 1.622067e-01
4.580000e+03 1.622529e-01
4.590000e+03 1.622982e-01
4.600000e+03 1.623429e-01
4.610000e+03 1.623868e-01
4.620000e+03 1.624300e-01
4.630000e+03 1.624726e-01
4.640000e+03 1.625145e-01
4.650000e+03 1.625558e-01
4.660000e+03 1.625966e-01
4.670000e+03 1.626367e-01
4.680000e+03 1.626764e-01
4.690000e+03 1.627155e-01
4.700000e+03 1.627540e-01
4.710000e+03 1.627921e-01
4.720000e+03 1.628297e-01
4.730000e+03 1.628669e-01
4.740000e+03 1.629035e-01
4.750000e+03 1.629398e-01
4.760000e+03 1.629756e-01
4.770000e+03 1.630110e-01
4.780000e+03 1.630460e-01
4.790000e+03 1.630805e-01
4.800000e+03 1.631147e-01
4.810000e+03 1.631485e-01
4.820000e+03 1.631819e-01
4.830000e+03 1.632149e-01
4.840000e+03 1.632476e-01
4.850000e+03 1.632799e-01
4.860000e+03 1.633118e-01
4.870000e+03 1.633434e-01
4.880000e+03 1.633746e-01
4.890000e+03 1.634055e-01
4.900000e+03 1.634360e-01
4.910000e+03 1.634661e-01
4.920000e+03 1.634959e-01
4.930000e+03 1.635254e-01
4.940000e+03 1.635544e-01
4.950000e+03 1.635832e-01
4.960000e+03 1.636116e-01
4.970000e+03 1.636396e-01
4.980000e+03 1.636673e-01
4.990000e+03 1.636947e-01
5.000000e+03 1.637216e-01
5.010000e+03 1.637483e-01
5.020000e+03 1.637746e-01
5.030000e+03 1.638005e-01
5.040000e+03 1.638261e-01
5.050000e+03 1.638516e-01
5.060000e+03 1.638880e-01
5.070000e+03 1.646294e-01
5.080000e+03 1.728575e-01
5.090000e+03 1.576564e-01
5.100000e+03 1.563177e-01
5.110000e+03 1.562029e-01
5.120000e+03 1.618348e-01
5.130000e+03 1.637739e-01
5.140000e+03 1.639592e-01
5.150000e+03 1.641312e-01
5.160000e+03 1.642336e-01
5.170000e+03 1.646053e-01
5.180000e+03 1.644826e-01
5.190000e+03 1.645338e-01
5.200000e+03 1.644942e-01
5.210000e+03 1.644853e-01
5.220000e+03 1.644466e-01
5.230000e+03 1.644434e-01
5.240000e+03 1.644469e-01
5.250000e+03 1.644620e-01
5.260000e+03 1.644893e-01
5.270000e+03 1.645164e-01
5.280000e+03 1.645443e-01
5.290000e+03 1.645721e-01
5.300000e+03 1.646013e-01
5.310000e+03 1.646319e-01
5.320000e+03 1.646636e-01
5.330000e+03 1.646952e-01
5.340000e+03 1.647268e-01
5.350000e+03 1.647586e-01
5.360000e+03 1.647901e-01
5.370000e+03 1.648214e-01
5.380000e+03 1.648523e-01
5.390000e+03 1.648827e-01
5.400000e+03 1.649127e-01
5.410000e+03 1.649421e-01
5.420000e+03 1.649709e-01
5.430000e+03 1.649990e-01
5.440000e+03 1.650266e-01
5.450000e+03 1.650535e-01
5.460000e+03 1.650798e-01
5.470000e+03 1.651055e-01
5.480000e+03 1.651305e-01
5.490000e+03 1.651548e-01
5.500000e+03 1.651786e-01
5.510000e+03 1.652017e-01
5.520000e+03 1.652242e-01
5.530000e+03 1.652461e-01
5.540000e+03 1.652674e-01
5.550000e+03 1.652882e-01
5.560000e+03 1.653084e-01
5.570000e+03 1.653280e-01
5.580000e+03 1.653471e-01
5.590000e+03 1.653657e-01
5.600000e+03 1.653838e-01
5.610000e+03 1.654014e-01
5.620000e+03 1.654184e-01
5.630000e+03 1.654351e-01
5.640000e+03 1.654512e-01
5.650000e+03 1.654669e-01
5.660000e+03 1.654822e-01
5.670000e+03 1.654971e-01
5.680000e+03 1.655117e-01
5.690000e+03 1.655259e-01
5.700000e+03 1.655398e-01
5.710000e+03 1.655534e-01
5.720000e+03 1.655666e-01
5.730000e+03 1.655796e-01
5.740000e+03 1.655923e-01
5.750000e+03 1.656048e-01
5.760000e+03 1.656169e-01
5.770000e+03 1.656289e-01
5.780000e+03 1.656405e-01
5.790000e+03 1.656501e-01
5.800000e+03 1.655707e-01
5.810000e+03 1.602128e-01
5.820000e+03 1.756615e-01
5.830000e+03 1.660082e-01
5.840000e+03 1.777429e-01
5.850000e+03 1.658481e-01
5.860000e+03 1.595116e-01
5.870000e+03 1.662519e-01
5.880000e+03 1.684262e-01
5.890000e+03 1.661411e-01
5.900000e+03 1.657587e-01
5.910000e+03 1.665781e-01
5.920000e+03 1.666230e-01
5.930000e+03 1.662871e-01
5.940000e+03 1.662647e-01
5.950000e+03 1.662694e-01
5.960000e+03 1.662541e-01
5.970000e+03 1.662668e-01
5.980000e+03 1.662651e-01
5.990000e+03 1.662549e-01
6.000000e+03 1.662641e-01
6.010000e+03 1.662759e-01
6.020000e+03 1.662917e-01
6.030000e+03 1.663127e-01
6.040000e+03 1.663345e-01
6.050000e+03 1.663588e-01
6.060000e+03 1.663844e-01
6.070000e+03 1.664111e-01
6.080000e+03 1.664389e-01
6.090000e+03 1.664673e-01
6.100000e+03 1.664962e-01
6.110000e+03 1.665253e-01
6.120000e+03 1.665546e-01
6.130000e+03 1.665837e-01
6.140000e+03 1.666128e-01
6.150000e+03 1.666416e-01
6.160000e+03 1.666700e-01
6.170000e+03 1.666981e-01
6.180000e+03 1.667256e-01
6.190000e+03 1.667527e-01
6.200000e+03 1.667792e-01
6.210000e+03 1.668052e-01
6.220000e+03 1.668305e-01
6.230000e+03 1.668552e-01
6.240000e+03 1.668793e-01
6.250000e+03 1.669028e-01
6.260000e+03 1.669256e-01
6.270000e+03 1.669478e-01
6.280000e+03 1.669694e-01
6.290000e+03 1.669903e-01
6.300000e+03 1.670106e-01
6.310000e+03 1.670303e-01
6.320000e+03 1.670493e-01
6.330000e+03 1.670678e-01
6.340000e+03 1.670857e-01
6.350000e+03 1.671029e-01
6.360000e+03 1.671196e-01
6.370000e+03 1.671358e-01
6.380000e+03 1.671514e-01
6.390000e+03 1.671664e-01
6.400000e+03 1.671809e-01
6.410000e+03 1.671949e-01
6.420000e+03 1.672084e-01
6.430000e+03 1.672214e-01
6.440000e+03 1.672340e-01
6.450000e+03 1.672460e-01
6.460000e+03 1.672576e-01
6.470000e+03 1.672688e-01
6.480000e+03 1.672795e-01
6.490000e+03 1.672898e-01
6.500000e+03 1.672996e-01
6.510000e+03 1.673091e-01
6.520000e+03 1.673181e-01
6.530000e+03 1.673268e-01
6.540000e+03 1.673352e-01
6.550000e+03 1.673432e-01
6.560000e+03 1.673510e-01
6.570000e+03 1.673584e-01
6.580000e+03 1.673656e-01
6.590000e+03 1.673725e-01
6.600000e+03 1.673791e-01
6.610000e+03 1.673855e-01
6.620000e+03 1.673917e-01
6.630000e+03 1.673976e-01
6.640000e+03 1.674033e-01
6.650000e+03 1.674088e-01
6.660000e+03 1.674141e-01
6.670000e+03 1.674191e-01
6.680000e+03 1.674240e-01
6.690000e+03 1.674287e-01
6.700000e+03 1.674332e-01
6.710000e+03 1.674376e-01
6.720000e+03 1.674417e-01
6.730000e+03 1.674457e-01
6.740000e+03 1.674495e-01
6.750000e+03 1.674531e-01
6.760000e+03 1.674566e-01
6.770000e+03 1.674612e-01
6.780000e+03 1.675376e-01
6.790000e+03 1.723727e-01
6.800000e+03 1.777329e-01
6.810000e+03 1.737108e-01
6.820000e+03 1.609723e-01
6.830000e+03 1.631654e-01
6.840000e+03 1.631063e-01
6.850000e+03 1.687113e-01
6.860000e+03 1.689281e-01
6.870000e+03 1.673035e-01
6.880000e+03 1.676876e-01
6.890000e+03 1.677912e-01
6.900000e+03 1.680031e-01
6.910000e+03 1.681275e-01
6.920000e+03 1.680103e-01
6.930000e+03 1.680094e-01
6.940000e+03 1.679747e-01
6.950000e+03 1.679879e-01
6.960000e+03 1.679977e-01
6.970000e+03 1.680086e-01
6.980000e+03 1.680221e-01
6.990000e+03 1.680345e-01
7.000000e+03 1.680486e-01
7.010000e+03 1.680619e-01
7.020000e+03 1.680766e-01
7.030000e+03 1.680916e-01
7.040000e+03 1.681071e-01
7.050000e+03 1.681228e-01
7.060000e+03 1.681388e-01
7.070000e+03 1.681549e-01
7.080000e+03 1.681708e-01
7.090000e+03 1.681867e-01
7.100000e+03 1.682024e-01
7.110000e+03 1.682179e-01
7.120000e+03 1.682331e-01
7.130000e+03 1.682479e-01
7.140000e+03 1.682624e-01
7.150000e+03 1.682765e-01
7.160000e+03 1.682902e-01
7.170000e+03 1.683034e-01
7.180000e+03 1.683162e-01
7.190000e+03 1.683286e-01
7.200000e+03 1.683405e-01
7.210000e+03 1.683519e-01
7.220000e+03 1.683629e-01
7.230000e+03 1.683734e-01
7.240000e+03 1.683835e-01
7.250000e+03 1.683931e-01
7.260000e+03 1.684023e-01
7.270000e+03 1.684110e-01
7.280000e+03 1.684194e-01
7.290000e+03 1.684273e-01
7.300000e+03 1.684348e-01
7.310000e+03 1.684419e-01
7.320000e+03 1.684485e-01
7.330000e+03 1.684548e-01
7.340000e+03 1.684608e-01
7.350000e+03 1.684663e-01
7.360000e+03 1.684715e-01
7.370000e+03 1.684764e-01
7.380000e+03 1.684808e-01
7.390000e+03 1.684850e-01
7.400000e+03 1.684888e-01
7.410000e+03 1.684923e-01
7.420000e+03 1.684955e-01
7.430000e+03 1.684984e-01
7.440000e+03 1.685010e-01
7.450000e+03 1.685033e-01
7.460000e+03 1.685053e-01
7.470000e+03 1.685070e-01
7.480000e+03 1.685084e-01
7.490000e+03 1.685096e-01
7.500000e+03 1.685105e-01
7.510000e+03 1.685112e-01
7.520000e+03 1.685116e-01
7.530000e+03 1.685117e-01
7.540000e+03 1.685117e-01
7.550000e+03 1.685114e-01
7.560000e+03 1.685108e-01
7.570000e+03 1.685101e-01
7.580000e+03 1.685091e-01
7.590000e+03 1.685079e-01
7.600000e+03 1.685065e-01
7.610000e+03 1.685049e-01
7.620000e+03 1.685031e-01
7.630000e+03 1.685011e-01
7.640000e+03 1.684991e-01
7.650000e+03 1.684968e-01
7.660000e+03 1.684935e-01
7.670000e+03 1.684531e-01
7.680000e+03 1.665274e-01
7.690000e+03 1.571327e-01
7.700000e+03 1.771393e-01
7.710000e+03 1.732998e-01
7.720000e+03 1.667267e-01
7.730000e+03 1.623126e-01
7.740000e+03 1.657272e-01
7.750000e+03 1.662821e-01
7.760000e+03 1.679469e-01
7.770000e+03 1.680750e-01
7.780000e+03 1.687061e-01
7.790000e+03 1.688202e-01
7.800000e+03 1.687259e-01
7.810000e+03 1.687260e-01
7.820000e+03 1.686436e-01
7.830000e+03 1.686200e-01
7.840000e+03 1.686327e-01
7.850000e+03 1.686284e-01
7.860000e+03 1.686301e-01
7.870000e+03 1.686182e-01
7.880000e+03 1.686071e-01
7.890000e+03 1.686016e-01
7.900000e+03 1.685961e-01
7.910000e+03 1.685896e-01
7.920000e+03 1.685832e-01
7.930000e+03 1.685778e-01
7.940000e+03 1.685727e-01
7.950000e+03 1.685677e-01
7.960000e+03 1.685631e-01
7.970000e+03 1.685587e-01
7.980000e+03 1.685546e-01
7.990000e+03 1.685507e-01
8.000000e+03 1.685470e-01
8.010000e+03 1.685434e-01
8.020000e+03 1.685400e-01
8.030000e+03 1.685368e-01
8.040000e+03 1.685336e-01
8.050000e+03 1.685306e-01
8.060000e+03 1.685277e-01
8.070000e+03 1.685249e-01
8.080000e+03 1.685221e-01
8.090000e+03 1.685194e-01
8.100000e+03 1.685168e-01
8.110000e+03 1.685143e-01
8.120000e+03 1.685118e-01
8.130000e+03 1.685094e-01
8.140000e+03 1.685070e-01
8.150000e+03 1.685048e-01
8.160000e+03 1.685026e-01
8.170000e+03 1.685004e-01
8.180000e+03 1.684983e-01
8.190000e+03 1.684963e-01
8.200000e+03 1.684944e-01
8.210000e+03 1.684925e-01
8.220000e+03 1.684907e-01
8.230000e+03 1.684890e-01
8.240000e+03 1.684874e-01
8.250000e+03 1.684858e-01
8.260000e+03 1.684843e-01
8.270000e+03 1.684830e-01
8.280000e+03 1.684817e-01
8.290000e+03 1.684805e-01
8.300000e+03 1.684794e-01
8.310000e+03 1.684784e-01
8.320000e+03 1.684775e-01
8.330000e+03 1.684767e-01
8.340000e+03 1.684760e-01
8.350000e+03 1.684754e-01
8.360000e+03 1.684749e-01
8.370000e+03 1.684745e-01
8.380000e+03 1.684743e-01
8.390000e+03 1.684741e-01
8.400000e+03 1.684740e-01
8.410000e+03 1.684741e-01
8.420000e+03 1.684733e-01
8.430000e+03 1.684256e-01
8.440000e+03 1.654825e-01
8.450000e+03 1.659970e-01
8.460000e+03 1.833011e-01
8.470000e+03 1.780038e-01
8.480000e+03 1.618950e-01
8.490000e+03 1.629487e-01
8.500000e+03 1.699746e-01
8.510000e+03 1.682424e-01
8.520000e+03 1.669381e-01
8.530000e+03 1.680897e-01
8.540000e+03 1.683271e-01
8.550000e+03 1.685930e-01
8.560000e+03 1.683978e-01
8.570000e+03 1.684262e-01
8.580000e+03 1.685195e-01
8.590000e+03 1.685797e-01
8.600000e+03 1.686255e-01
8.610000e+03 1.686422e-01
8.620000e+03 1.686709e-01
8.630000e+03 1.686971e-01
8.640000e+03 1.687281e-01
8.650000e+03 1.687565e-01
8.660000e+03 1.687848e-01
8.670000e+03 1.688115e-01
8.680000e+03 1.688379e-01
8.690000e+03 1.688634e-01
8.700000e+03 1.688887e-01
8.710000e+03 1.689132e-01
8.720000e+03 1.689373e-01
8.730000e+03 1.689608e-01
8.740000e+03 1.689836e-01
8.750000e+03 1.690059e-01
8.760000e+03 1.690276e-01
8.770000e+03 1.690487e-01
8.780000e+03 1.690692e-01
8.790000e+03 1.690891e-01
8.800000e+03 1.691084e-01
8.810000e+03 1.691272e-01
8.820000e+03 1.691455e-01
8.830000e+03 1.691632e-01
8.840000e+03 1.691805e-01
8.850000e+03 1.691972e-01
8.860000e+03 1.692135e-01
8.870000e+03 1.692293e-01
8.880000e+03 1.692446e-01
8.890000e+03 1.692596e-01
8.900000e+03 1.692741e-01
8.910000e+03 1.692882e-01
8.920000e+03 1.693020e-01
8.930000e+03 1.693153e-01
8.940000e+03 1.693284e-01
8.950000e+03 1.693410e-01
8.960000e+03 1.693534e-01
8.970000e+03 1.693654e-01
8.980000e+03 1.693772e-01
8.990000e+03 1.693886e-01
9.000000e+03 1.693998e-01
9.010000e+03 1.694107e-01
9.020000e+03 1.694213e-01
9.030000e+03 1.694316e-01
9.040000e+03 1.694418e-01
9.050000e+03 1.694516e-01
9.060000e+03 1.694613e-01
9.070000e+03 1.694707e-01
9.080000e+03 1.694800e-01
9.090000e+03 1.694890e-01
9.100000e+03 1.694978e-01
9.110000e+03 1.695064e-01
9.120000e+03 1.695148e-01
9.130000e+03 1.695231e-01
9.140000e+03 1.695312e-01
9.150000e+03 1.695391e-01
9.160000e+03 1.695468e-01
9.170000e+03 1.695547e-01
9.180000e+03 1.695782e-01
9.190000e+03 1.705765e-01
9.200000e+03 1.742584e-01
9.210000e+03 1.708801e-01
9.220000e+03 1.685588e-01
9.230000e+03 1.678588e-01
9.240000e+03 1.687377e-01
9.250000e+03 1.705458e-01
9.260000e+03 1.700277e-01
9.270000e+03 1.696521e-01
9.280000e+03 1.703364e-01
9.290000e+03 1.701216e-01
9.300000e+03 1.699842e-01
9.310000e+03 1.700881e-01
9.320000e+03 1.700047e-01
9.330000e+03 1.700170e-01
9.340000e+03 1.700005e-01
9.350000e+03 1.699932e-01
9.360000e+03 1.699872e-01
9.370000e+03 1.699847e-01
9.380000e+03 1.699831e-01
9.390000e+03 1.699841e-01
9.400000e+03 1.699854e-01
9.410000e+03 1.699883e-01
9.420000e+03 1.699912e-01
9.430000e+03 1.699952e-01
9.440000e+03 1.699994e-01
9.450000e+03 1.700038e-01
9.460000e+03 1.700085e-01
9.470000e+03 1.700132e-01
9.480000e+03 1.700180e-01
9.490000e+03 1.700229e-01
9.500000e+03 1.700277e-01
9.510000e+03 1.700325e-01
9.520000e+03 1.700373e-01
9.530000e+03 1.700420e-01
9.540000e+03 1.700466e-01
9.550000e+03 1.700512e-01
9.560000e+03 1.700557e-01
9.570000e+03 1.700600e-01
9.580000e+03 1.700643e-01
9.590000e+03 1.700685e-01
9.600000e+03 1.700726e-01
9.610000e+03 1.700766e-01
9.620000e+03 1.700806e-01
9.630000e+03 1.700844e-01
9.640000e+03 1.700881e-01
9.650000e+03 1.700918e-01
9.660000e+03 1.700954e-01
9.670000e+03 1.700989e-01
9.680000e+03 1.701023e-01
9.690000e+03 1.701056e-01
9.700000e+03 1.701089e-01
9.710000e+03 1.701121e-01
9.720000e+03 1.701152e-01
9.730000e+03 1.701182e-01
9.740000e+03 1.701212e-01
9.750000e+03 1.701242e-01
9.760000e+03 1.701270e-01
9.770000e+03 1.701298e-01
9.780000e+03 1.701326e-01
9.790000e+03 1.701353e-01
9.800000e+03 1.701380e-01
9.810000e+03 1.701406e-01
9.820000e+03 1.701432e-01
9.830000e+03 1.701458e-01
9.840000e+03 1.701483e-01
9.850000e+03 1.701508e-01
9.860000e+03 1.701532e-01
9.870000e+03 1.701556e-01
9.880000e+03 1.701580e-01
9.890000e+03 1.701604e-01
9.900000e+03 1.701626e-01
9.910000e+03 1.701594e-01
9.920000e+03 1.699125e-01
9.930000e+03 1.567877e-01
9.940000e+03 1.721832e-01
9.950000e+03 1.728367e-01
9.960000e+03 1.589738e-01
9.970000e+03 1.666774e-01
9.980000e+03 1.714339e-01
9.990000e+03 1.694669e-01
1.000000e+04 1.684029e-01
