1.000000e+01 4.801048e-01
2.000000e+01 3.393491e-01
3.000000e+01 4.427292e-01
4.000000e+01 3.329688e-01
5.000000e+01 3.663848e-01
6.000000e+01 3.547969e-01
7.000000e+01 3.489413e-01
8.000000e+01 3.489896e-01
9.000000e+01 3.442939e-01
1.000000e+02 3.402886e-01
1.100000e+02 3.360826e-01
1.200000e+02 3.320347e-01
1.300000e+02 3.271053e-01
1.400000e+02 3.231966e-01
1.500000e+02 3.187992e-01
1.600000e+02 3.147295e-01
1.700000e+02 3.108832e-01
1.800000e+02 3.071519e-01
1.900000e+02 3.035548e-01
2.000000e+02 3.001567e-01
2.100000e+02 2.968491e-01
2.200000e+02 2.936525e-01
2.300000e+02 2.905338e-01
2.400000e+02 2.874844e-01
2.500000e+02 2.844768e-01
2.600000e+02 2.815002e-01
2.700000e+02 2.785439e-01
2.800000e+02 2.755987e-01
2.900000e+02 2.726597e-01
3.000000e+02 2.697236e-01
3.100000e+02 2.667909e-01
3.200000e+02 2.638640e-01
3.300000e+02 2.609473e-01
3.400000e+02 2.580470e-01
3.500000e+02 2.551711e-01
3.600000e+02 2.523286e-01
3.700000e+02 2.495296e-01
3.800000e+02 2.467843e-01
3.900000e+02 2.441028e-01
4.000000e+02 2.414945e-01
4.100000e+02 2.389673e-01
4.200000e+02 2.365275e-01
4.300000e+02 2.341795e-01
4.400000e+02 2.319253e-01
4.500000e+02 2.297650e-01
4.600000e+02 2.276967e-01
4.700000e+02 2.257167e-01
4.800000e+02 2.238203e-01
4.900000e+02 2.220015e-01
5.000000e+02 2.202538e-01
5.100000e+02 2.185702e-01
5.200000e+02 2.169438e-01
5.300000e+02 2.153678e-01
5.400000e+02 2.138356e-01
5.500000e+02 2.123412e-01
5.600000e+02 2.108788e-01
5.700000e+02 2.094434e-01
5.800000e+02 2.080304e-01
5.900000e+02 2.066360e-01
6.000000e+02 2.052566e-01
6.100000e+02 2.038894e-01
6.200000e+02 2.025317e-01
6.300000e+02 2.011815e-01
6.400000e+02 1.998371e-01
6.500000e+02 1.984969e-01
6.600000e+02 1.971599e-01
6.700000e+02 1.958250e-01
6.800000e+02 1.944916e-01
6.900000e+02 1.931590e-01
7.000000e+02 1.918268e-01
7.100000e+02 1.904948e-01
7.200000e+02 1.891627e-01
7.300000e+02 1.878306e-01
7.400000e+02 1.864986e-01
7.500000e+02 1.851669e-01
7.600000e+02 1.838359e-01
7.700000e+02 1.825059e-01
7.800000e+02 1.811776e-01
7.900000e+02 1.798517e-01
8.000000e+02 1.785289e-01
8.100000e+02 1.772102e-01
8.200000e+02 1.758964e-01
8.300000e+02 1.745886e-01
8.400000e+02 1.732878e-01
8.500000e+02 1.719951e-01
8.600000e+02 1.707115e-01
8.700000e+02 1.694381e-01
8.800000e+02 1.681759e-01
8.900000e+02 1.669258e-01
9.000000e+02 1.656887e-01
9.100000e+02 1.643663e-01
9.200000e+02 1.625569e-01
9.300000e+02 1.602179e-01
9.400000e+02 1.575831e-01
9.500000e+02 1.548657e-01
9.600000e+02 1.522281e-01
9.700000e+02 1.496837e-01
9.800000e+02 1.471853e-01
9.900000e+02 1.447074e-01
1.000000e+03 1.422417e-01
1.010000e+03 1.397942e-01
1.020000e+03 1.373743e-01
1.030000e+03 1.349865e-01
1.040000e+03 1.326328e-01
1.050000e+03 1.303150e-01
1.060000e+03 1.280358e-01
1.070000e+03 1.257985e-01
1.080000e+03 1.236064e-01
1.090000e+03 1.214622e-01
1.100000e+03 1.193679e-01
1.110000e+03 1.173256e-01
1.120000e+03 1.153368e-01
1.130000e+03 1.134029e-01
1.140000e+03 1.115249e-01
1.150000e+03 1.097035e-01
1.160000e+03 1.079392e-01
1.170000e+03 1.062324e-01
1.180000e+03 1.045831e-01
1.190000e+03 1.029912e-01
1.200000e+03 1.014562e-01
1.210000e+03 9.997769e-02
1.220000e+03 9.855470e-02
1.230000e+03 9.718619e-02
1.240000e+03 9.587089e-02
1.250000e+03 9.460727e-02
1.260000e+03 9.339363e-02
1.270000e+03 9.222810e-02
1.280000e+03 9.110867e-02
1.290000e+03 9.003321e-02
1.300000e+03 8.899954e-02
1.310000e+03 8.800539e-02
1.320000e+03 8.704848e-02
1.330000e+03 8.612651e-02
1.340000e+03 8.523716e-02
1.350000e+03 8.437814e-02
1.360000e+03 8.354717e-02
1.370000e+03 8.274198e-02
1.380000e+03 8.196036e-02
1.390000e+03 8.120012e-02
1.400000e+03 8.045917e-02
1.410000e+03 7.973547e-02
1.420000e+03 7.902710e-02
1.430000e+03 7.833225e-02
1.440000e+03 7.764926e-02
1.450000e+03 7.697661e-02
1.460000e+03 7.631297e-02
1.470000e+03 7.565719e-02
1.480000e+03 7.500830e-02
1.490000e+03 7.436554e-02
1.500000e+03 7.372834e-02
1.510000e+03 7.309630e-02
1.520000e+03 7.246922e-02
1.530000e+03 7.184703e-02
1.540000e+03 7.122980e-02
1.550000e+03 7.061773e-02
1.560000e+03 7.001109e-02
1.570000e+03 6.941022e-02
1.580000e+03 6.881550e-02
1.590000e+03 6.822734e-02
1.600000e+03 6.764654e-02
1.610000e+03 6.730804e-02
1.620000e+03 6.436550e-02
1.630000e+03 6.894000e-02
1.640000e+03 6.269960e-02
1.650000e+03 6.725197e-02
1.660000e+03 6.472418e-02
1.670000e+03 6.380537e-02
1.680000e+03 6.431865e-02
1.690000e+03 6.315565e-02
1.700000e+03 6.312442e-02
1.710000e+03 6.249225e-02
1.720000e+03 6.206485e-02
1.730000e+03 6.169748e-02
1.740000e+03 6.123229e-02
1.750000e+03 6.079797e-02
1.760000e+03 6.038955e-02
1.770000e+03 5.998606e-02
1.780000e+03 5.958475e-02
1.790000e+03 5.918760e-02
1.800000e+03 5.879569e-02
1.810000e+03 5.840938e-02
1.820000e+03 5.802725e-02
1.830000e+03 5.764796e-02
1.840000e+03 5.727362e-02
1.850000e+03 5.690215e-02
1.860000e+03 5.653423e-02
1.870000e+03 5.616873e-02
1.880000e+03 5.579694e-02
1.890000e+03 5.515887e-02
1.900000e+03 5.666940e-02
1.910000e+03 5.277078e-02
1.920000e+03 6.044622e-02
1.930000e+03 5.254597e-02
1.940000e+03 5.470247e-02
1.950000e+03 5.335156e-02
1.960000e+03 5.342336e-02
1.970000e+03 5.285703e-02
1.980000e+03 5.280254e-02
1.990000e+03 5.221550e-02
2.000000e+03 5.207197e-02
2.010000e+03 5.168935e-02
2.020000e+03 5.133344e-02
2.030000e+03 5.103568e-02
2.040000e+03 5.071774e-02
2.050000e+03 5.038645e-02
2.060000e+03 5.005625e-02
2.070000e+03 4.972824e-02
2.080000e+03 4.940044e-02
2.090000e+03 4.907190e-02
2.100000e+03 4.874229e-02
2.110000e+03 4.841135e-02
2.120000e+03 4.807896e-02
2.130000e+03 4.774537e-02
2.140000e+03 4.741083e-02
2.150000e+03 4.707484e-02
2.160000e+03 4.673765e-02
2.170000e+03 4.639912e-02
2.180000e+03 4.605939e-02
2.190000e+03 4.571839e-02
2.200000e+03 4.537509e-02
2.210000e+03 4.500261e-02
2.220000e+03 4.374249e-02
2.230000e+03 4.647608e-02
2.240000e+03 4.577461e-02
2.250000e+03 4.466874e-02
2.260000e+03 4.226614e-02
2.270000e+03 4.457199e-02
2.280000e+03 4.225576e-02
2.290000e+03 4.264680e-02
2.300000e+03 4.208956e-02
2.310000e+03 4.182330e-02
2.320000e+03 4.148116e-02
2.330000e+03 4.120019e-02
2.340000e+03 4.083825e-02
2.350000e+03 4.056591e-02
2.360000e+03 4.022749e-02
2.370000e+03 3.991977e-02
2.380000e+03 3.961663e-02
2.390000e+03 3.930558e-02
2.400000e+03 3.899847e-02
2.410000e+03 3.869618e-02
2.420000e+03 3.839656e-02
2.430000e+03 3.809945e-02
2.440000e+03 3.780535e-02
2.450000e+03 3.751466e-02
2.460000e+03 3.722766e-02
2.470000e+03 3.694461e-02
2.480000e+03 3.666575e-02
2.490000e+03 3.639134e-02
2.500000e+03 3.612163e-02
2.510000e+03 3.585682e-02
2.520000e+03 3.559714e-02
2.530000e+03 3.534284e-02
2.540000e+03 3.509411e-02
2.550000e+03 3.485115e-02
2.560000e+03 3.461414e-02
2.570000e+03 3.438323e-02
2.580000e+03 3.415858e-02
2.590000e+03 3.394054e-02
2.600000e+03 3.373607e-02
2.610000e+03 3.385901e-02
2.620000e+03 7.156709e-02
2.630000e+03 3.245913e-02
2.640000e+03 3.866687e-02
2.650000e+03 3.224662e-02
2.660000e+03 3.278427e-02
2.670000e+03 3.314894e-02
2.680000e+03 3.189055e-02
2.690000e+03 3.231374e-02
2.700000e+03 3.199353e-02
2.710000e+03 3.180972e-02
2.720000e+03 3.176022e-02
2.730000e+03 3.155301e-02
2.740000e+03 3.146990e-02
2.750000e+03 3.131643e-02
2.760000e+03 3.120846e-02
2.770000e+03 3.108749e-02
2.780000e+03 3.097203e-02
2.790000e+03 3.086521e-02
2.800000e+03 3.075613e-02
2.810000e+03 3.065261e-02
2.820000e+03 3.055249e-02
2.830000e+03 3.045434e-02
2.840000e+03 3.035898e-02
2.850000e+03 3.026644e-02
2.860000e+03 3.017644e-02
2.870000e+03 3.008879e-02
2.880000e+03 3.000343e-02
2.890000e+03 2.992029e-02
2.900000e+03 2.983932e-02
2.910000e+03 2.976044e-02
2.920000e+03 2.968362e-02
2.930000e+03 2.960880e-02
2.940000e+03 2.953595e-02
2.950000e+03 2.946705e-02
2.960000e+03 2.940780e-02
2.970000e+03 2.935519e-02
2.980000e+03 2.930158e-02
2.990000e+03 2.924985e-02
3.000000e+03 2.919845e-02
3.010000e+03 2.914839e-02
3.020000e+03 2.909999e-02
3.030000e+03 2.905316e-02
3.040000e+03 2.900802e-02
3.050000e+03 2.896449e-02
3.060000e+03 2.892265e-02
3.070000e+03 2.888253e-02
3.080000e+03 2.884420e-02
3.090000e+03 2.880769e-02
3.100000e+03 2.877304e-02
3.110000e+03 2.874030e-02
3.120000e+03 2.870953e-02
3.130000e+03 2.868085e-02
3.140000e+03 2.865512e-02
3.150000e+03 2.864799e-02
3.160000e+03 2.907499e-02
3.170000e+03 5.582698e-02
3.180000e+03 4.942967e-02
3.190000e+03 2.936510e-02
3.200000e+03 3.262354e-02
3.210000e+03 2.779210e-02
3.220000e+03 2.820608e-02
3.230000e+03 2.884125e-02
3.240000e+03 2.800894e-02
3.250000e+03 2.857245e-02
3.260000e+03 2.816367e-02
3.270000e+03 2.838494e-02
3.280000e+03 2.824022e-02
3.290000e+03 2.832527e-02
3.300000e+03 2.828410e-02
3.310000e+03 2.832373e-02
3.320000e+03 2.832945e-02
3.330000e+03 2.835555e-02
3.340000e+03 2.838320e-02
3.350000e+03 2.841082e-02
3.360000e+03 2.844628e-02
3.370000e+03 2.848175e-02
3.380000e+03 2.852016e-02
3.390000e+03 2.856098e-02
3.400000e+03 2.860263e-02
3.410000e+03 2.864513e-02
3.420000e+03 2.868802e-02
3.430000e+03 2.873056e-02
3.440000e+03 2.877217e-02
3.450000e+03 2.881233e-02
3.460000e+03 2.885048e-02
3.470000e+03 2.888606e-02
3.480000e+03 2.891852e-02
3.490000e+03 2.894739e-02
3.500000e+03 2.897220e-02
3.510000e+03 2.899254e-02
3.520000e+03 2.900806e-02
3.530000e+03 2.901844e-02
3.540000e+03 2.902345e-02
3.550000e+03 2.902290e-02
3.560000e+03 2.901667e-02
3.570000e+03 2.900468e-02
3.580000e+03 2.898693e-02
3.590000e+03 2.896347e-02
3.600000e+03 2.893437e-02
3.610000e+03 2.889978e-02
3.620000e+03 2.885987e-02
3.630000e+03 2.881483e-02
3.640000e+03 2.876491e-02
3.650000e+03 2.871035e-02
3.660000e+03 2.865143e-02
3.670000e+03 2.858841e-02
3.680000e+03 2.852158e-02
3.690000e+03 2.845124e-02
3.700000e+03 2.837766e-02
3.710000e+03 2.830112e-02
3.720000e+03 2.822191e-02
3.730000e+03 2.814027e-02
3.740000e+03 2.805646e-02
3.750000e+03 2.797072e-02
3.760000e+03 2.788328e-02
3.770000e+03 2.779435e-02
3.780000e+03 2.770413e-02
3.790000e+03 2.761281e-02
3.800000e+03 2.752056e-02
3.810000e+03 2.742754e-02
3.820000e+03 2.733389e-02
3.830000e+03 2.723969e-02
3.840000e+03 2.714226e-02
3.850000e+03 2.690852e-02
3.860000e+03 3.708729e-02
3.870000e+03 5.960472e-02
3.880000e+03 4.309919e-02
3.890000e+03 4.155838e-02
3.900000e+03 2.700205e-02
3.910000e+03 2.748869e-02
3.920000e+03 2.972002e-02
3.930000e+03 2.751219e-02
3.940000e+03 2.706336e-02
3.950000e+03 2.748892e-02
3.960000e+03 2.694781e-02
3.970000e+03 2.702135e-02
3.980000e+03 2.698108e-02
3.990000e+03 2.682391e-02
4.000000e+03 2.678560e-02
4.010000e+03 2.666606e-02
4.020000e+03 2.658998e-02
4.030000e+03 2.650940e-02
4.040000e+03 2.642832e-02
4.050000e+03 2.635356e-02
4.060000e+03 2.627537e-02
4.070000e+03 2.620285e-02
4.080000e+03 2.613033e-02
4.090000e+03 2.606103e-02
4.100000e+03 2.599282e-02
4.110000e+03 2.592685e-02
4.120000e+03 2.586239e-02
4.130000e+03 2.579972e-02
4.140000e+03 2.573852e-02
4.150000e+03 2.567887e-02
4.160000e+03 2.562063e-02
4.170000e+03 2.556376e-02
4.180000e+03 2.550819e-02
4.190000e+03 2.545387e-02
4.200000e+03 2.540073e-02
4.210000e+03 2.534874e-02
4.220000e+03 2.529783e-02
4.230000e+03 2.524797e-02
4.240000e+03 2.519912e-02
4.250000e+03 2.515122e-02
4.260000e+03 2.510426e-02
4.270000e+03 2.505819e-02
4.280000e+03 2.501298e-02
4.290000e+03 2.496859e-02
4.300000e+03 2.492501e-02
4.310000e+03 2.488220e-02
4.320000e+03 2.484014e-02
4.330000e+03 2.479880e-02
4.340000e+03 2.475815e-02
4.350000e+03 2.471819e-02
4.360000e+03 2.467887e-02
4.370000e+03 2.464020e-02
4.380000e+03 2.460213e-02
4.390000e+03 2.456467e-02
4.400000e+03 2.452778e-02
4.410000e+03 2.449145e-02
4.420000e+03 2.445565e-02
4.430000e+03 2.442036e-02
4.440000e+03 2.438558e-02
4.450000e+03 2.435129e-02
4.460000e+03 2.431747e-02
4.470000e+03 2.428412e-02
4.480000e+03 2.425122e-02
4.490000e+03 2.421876e-02
4.500000e+03 2.418673e-02
4.510000e+03 2.415512e-02
4.520000e+03 2.412391e-02
4.530000e+03 2.409310e-02
4.540000e+03 2.406267e-02
4.550000e+03 2.403263e-02
4.560000e+03 2.400296e-02
4.570000e+03 2.397365e-02
4.580000e+03 2.394470e-02
4.590000e+03 2.391611e-02
4.600000e+03 2.388786e-02
4.610000e+03 2.385995e-02
4.620000e+03 2.383238e-02
4.630000e+03 2.380514e-02
4.640000e+03 2.377823e-02
4.650000e+03 2.375165e-02
4.660000e+03 2.372539e-02
4.670000e+03 2.369945e-02
4.680000e+03 2.367384e-02
4.690000e+03 2.364854e-02
4.700000e+03 2.362356e-02
4.710000e+03 2.359891e-02
4.720000e+03 2.357457e-02
4.730000e+03 2.355055e-02
4.740000e+03 2.352685e-02
4.750000e+03 2.350347e-02
4.760000e+03 2.348041e-02
4.770000e+03 2.345768e-02
4.780000e+03 2.343528e-02
4.790000e+03 2.341320e-02
4.800000e+03 2.339146e-02
4.810000e+03 2.337004e-02
4.820000e+03 2.334896e-02
4.830000e+03 2.332822e-02
4.840000e+03 2.330781e-02
4.850000e+03 2.328773e-02
4.860000e+03 2.326800e-02
4.870000e+03 2.324861e-02
4.880000e+03 2.322955e-02
4.890000e+03 2.321083e-02
4.900000e+03 2.319245e-02
4.910000e+03 2.317441e-02
4.920000e+03 2.315669e-02
4.930000e+03 2.313931e-02
4.940000e+03 2.312225e-02
4.950000e+03 2.310551e-02
4.960000e+03 2.308909e-02
4.970000e+03 2.307298e-02
4.980000e+03 2.305718e-02
4.990000e+03 2.304168e-02
5.000000e+03 2.302647e-02
5.010000e+03 2.301155e-02
5.020000e+03 2.299691e-02
5.030000e+03 2.298255e-02
5.040000e+03 2.296846e-02
5.050000e+03 2.295464e-02
5.060000e+03 2.294108e-02
5.070000e+03 2.292778e-02
5.080000e+03 2.291473e-02
5.090000e+03 2.290194e-02
5.100000e+03 2.288939e-02
5.110000e+03 2.287710e-02
5.120000e+03 2.286505e-02
5.130000e+03 2.285324e-02
5.140000e+03 2.284168e-02
5.150000e+03 2.283036e-02
5.160000e+03 2.281930e-02
5.170000e+03 2.280847e-02
5.180000e+03 2.279790e-02
5.190000e+03 2.278757e-02
5.200000e+03 2.277750e-02
5.210000e+03 2.276767e-02
5.220000e+03 2.275810e-02
5.230000e+03 2.274878e-02
5.240000e+03 2.273972e-02
5.250000e+03 2.273091e-02
5.260000e+03 2.272235e-02
5.270000e+03 2.271405e-02
5.280000e+03 2.270601e-02
5.290000e+03 2.269821e-02
5.300000e+03 2.269067e-02
5.310000e+03 2.268337e-02
5.320000e+03 2.267632e-02
5.330000e+03 2.266951e-02
5.340000e+03 2.266294e-02
5.350000e+03 2.265660e-02
5.360000e+03 2.265049e-02
5.370000e+03 2.264459e-02
5.380000e+03 2.263891e-02
5.390000e+03 2.263344e-02
5.400000e+03 2.262842e-02
5.410000e+03 2.263898e-02
5.420000e+03 2.529412e-02
5.430000e+03 6.180104e-02
5.440000e+03 1.195758e-01
5.450000e+03 5.029873e-02
5.460000e+03 6.609087e-02
5.470000e+03 3.000189e-02
5.480000e+03 3.602375e-02
5.490000e+03 3.107048e-02
5.500000e+03 3.013305e-02
5.510000e+03 3.068051e-02
5.520000e+03 2.948039e-02
5.530000e+03 3.000951e-02
5.540000e+03 2.911448e-02
5.550000e+03 2.915652e-02
5.560000e+03 2.886058e-02
5.570000e+03 2.871140e-02
5.580000e+03 2.850584e-02
5.590000e+03 2.834460e-02
5.600000e+03 2.819384e-02
5.610000e+03 2.803940e-02
5.620000e+03 2.790601e-02
5.630000e+03 2.777881e-02
5.640000e+03 2.766484e-02
5.650000e+03 2.755584e-02
5.660000e+03 2.745631e-02
5.670000e+03 2.736308e-02
5.680000e+03 2.727695e-02
5.690000e+03 2.719627e-02
5.700000e+03 2.712118e-02
5.710000e+03 2.705094e-02
5.720000e+03 2.698532e-02
5.730000e+03 2.692382e-02
5.740000e+03 2.686613e-02
5.750000e+03 2.681190e-02
5.760000e+03 2.676085e-02
5.770000e+03 2.671267e-02
5.780000e+03 2.666710e-02
5.790000e+03 2.662388e-02
5.800000e+03 2.658278e-02
5.810000e+03 2.654357e-02
5.820000e+03 2.650607e-02
5.830000e+03 2.647009e-02
5.840000e+03 2.643546e-02
5.850000e+03 2.640204e-02
5.860000e+03 2.636968e-02
5.870000e+03 2.633828e-02
5.880000e+03 2.630771e-02
5.890000e+03 2.627788e-02
5.900000e+03 2.624869e-02
5.910000e+03 2.622007e-02
5.920000e+03 2.619194e-02
5.930000e+03 2.616423e-02
5.940000e+03 2.613690e-02
5.950000e+03 2.610988e-02
5.960000e+03 2.608313e-02
5.970000e+03 2.605660e-02
5.980000e+03 2.603027e-02
5.990000e+03 2.600410e-02
6.000000e+03 2.597805e-02
6.010000e+03 2.595211e-02
6.020000e+03 2.592625e-02
6.030000e+03 2.590044e-02
6.040000e+03 2.587467e-02
6.050000e+03 2.584892e-02
6.060000e+03 2.582318e-02
6.070000e+03 2.579743e-02
6.080000e+03 2.577166e-02
6.090000e+03 2.574586e-02
6.100000e+03 2.572002e-02
6.110000e+03 2.569412e-02
6.120000e+03 2.566817e-02
6.130000e+03 2.564215e-02
6.140000e+03 2.561605e-02
6.150000e+03 2.558987e-02
6.160000e+03 2.556361e-02
6.170000e+03 2.553725e-02
6.180000e+03 2.551078e-02
6.190000e+03 2.548422e-02
6.200000e+03 2.545754e-02
6.210000e+03 2.543075e-02
6.220000e+03 2.540384e-02
6.230000e+03 2.537681e-02
6.240000e+03 2.534965e-02
6.250000e+03 2.532236e-02
6.260000e+03 2.529493e-02
6.270000e+03 2.526737e-02
6.280000e+03 2.523968e-02
6.290000e+03 2.521184e-02
6.300000e+03 2.518386e-02
6.310000e+03 2.515573e-02
6.320000e+03 2.512746e-02
6.330000e+03 2.509905e-02
6.340000e+03 2.507050e-02
6.350000e+03 2.504180e-02
6.360000e+03 2.501297e-02
6.370000e+03 2.498400e-02
6.380000e+03 2.495490e-02
6.390000e+03 2.492567e-02
6.400000e+03 2.489632e-02
6.410000e+03 2.486685e-02
6.420000e+03 2.483728e-02
6.430000e+03 2.480761e-02
6.440000e+03 2.477786e-02
6.450000e+03 2.474803e-02
6.460000e+03 2.471814e-02
6.470000e+03 2.468821e-02
6.480000e+03 2.465824e-02
6.490000e+03 2.462826e-02
6.500000e+03 2.459829e-02
6.510000e+03 2.456834e-02
6.520000e+03 2.453843e-02
6.530000e+03 2.450859e-02
6.540000e+03 2.447884e-02
6.550000e+03 2.444919e-02
6.560000e+03 2.441968e-02
6.570000e+03 2.439033e-02
6.580000e+03 2.436117e-02
6.590000e+03 2.433221e-02
6.600000e+03 2.430348e-02
6.610000e+03 2.427502e-02
6.620000e+03 2.424683e-02
6.630000e+03 2.421895e-02
6.640000e+03 2.419141e-02
6.650000e+03 2.416421e-02
6.660000e+03 2.413739e-02
6.670000e+03 2.411097e-02
6.680000e+03 2.408496e-02
6.690000e+03 2.405938e-02
6.700000e+03 2.403426e-02
6.710000e+03 2.400960e-02
6.720000e+03 2.398543e-02
6.730000e+03 2.396175e-02
6.740000e+03 2.393857e-02
6.750000e+03 2.391591e-02
6.760000e+03 2.389378e-02
6.770000e+03 2.387218e-02
6.780000e+03 2.385113e-02
6.790000e+03 2.383061e-02
6.800000e+03 2.381065e-02
6.810000e+03 2.379123e-02
6.820000e+03 2.377237e-02
6.830000e+03 2.375405e-02
6.840000e+03 2.373628e-02
6.850000e+03 2.371906e-02
6.860000e+03 2.370238e-02
6.870000e+03 2.368623e-02
6.880000e+03 2.367062e-02
6.890000e+03 2.365552e-02
6.900000e+03 2.364095e-02
6.910000e+03 2.362689e-02
6.920000e+03 2.361333e-02
6.930000e+03 2.360026e-02
6.940000e+03 2.358768e-02
6.950000e+03 2.357557e-02
6.960000e+03 2.356393e-02
6.970000e+03 2.355274e-02
6.980000e+03 2.354200e-02
6.990000e+03 2.353170e-02
7.000000e+03 2.352182e-02
7.010000e+03 2.351236e-02
7.020000e+03 2.350330e-02
7.030000e+03 2.349464e-02
7.040000e+03 2.348636e-02
7.050000e+03 2.347846e-02
7.060000e+03 2.347092e-02
7.070000e+03 2.346374e-02
7.080000e+03 2.345690e-02
7.090000e+03 2.345039e-02
7.100000e+03 2.344421e-02
7.110000e+03 2.343834e-02
7.120000e+03 2.343278e-02
7.130000e+03 2.342751e-02
7.140000e+03 2.342253e-02
7.150000e+03 2.341783e-02
7.160000e+03 2.341340e-02
7.170000e+03 2.340922e-02
7.180000e+03 2.340530e-02
7.190000e+03 2.340163e-02
7.200000e+03 2.339819e-02
7.210000e+03 2.339497e-02
7.220000e+03 2.339198e-02
7.230000e+03 2.338920e-02
7.240000e+03 2.338663e-02
7.250000e+03 2.338425e-02
7.260000e+03 2.338207e-02
7.270000e+03 2.338007e-02
7.280000e+03 2.337825e-02
7.290000e+03 2.337660e-02
7.300000e+03 2.337512e-02
7.310000e+03 2.337380e-02
7.320000e+03 2.337264e-02
7.330000e+03 2.337162e-02
7.340000e+03 2.337074e-02
7.350000e+03 2.337000e-02
7.360000e+03 2.336940e-02
7.370000e+03 2.336892e-02
7.380000e+03 2.336856e-02
7.390000e+03 2.336832e-02
7.400000e+03 2.336819e-02
7.410000e+03 2.336818e-02
7.420000e+03 2.336826e-02
7.430000e+03 2.336844e-02
7.440000e+03 2.336872e-02
7.450000e+03 2.336909e-02
7.460000e+03 2.336955e-02
7.470000e+03 2.337009e-02
7.480000e+03 2.337071e-02
7.490000e+03 2.337141e-02
7.500000e+03 2.337217e-02
7.510000e+03 2.337301e-02
7.520000e+03 2.337391e-02
7.530000e+03 2.337487e-02
7.540000e+03 2.337589e-02
7.550000e+03 2.337697e-02
7.560000e+03 2.337810e-02
7.570000e+03 2.337928e-02
7.580000e+03 2.338050e-02
7.590000e+03 2.338177e-02
7.600000e+03 2.338308e-02
7.610000e+03 2.338442e-02
7.620000e+03 2.338581e-02
7.630000e+03 2.338722e-02
7.640000e+03 2.338867e-02
7.650000e+03 2.339015e-02
7.660000e+03 2.339165e-02
7.670000e+03 2.339317e-02
7.680000e+03 2.339472e-02
7.690000e+03 2.339629e-02
7.700000e+03 2.339787e-02
7.710000e+03 2.339947e-02
7.720000e+03 2.340109e-02
7.730000e+03 2.340271e-02
7.740000e+03 2.340435e-02
7.750000e+03 2.340599e-02
7.760000e+03 2.340764e-02
7.770000e+03 2.340930e-02
7.780000e+03 2.341096e-02
7.790000e+03 2.341262e-02
7.800000e+03 2.341429e-02
7.810000e+03 2.341595e-02
7.820000e+03 2.341761e-02
7.830000e+03 2.341927e-02
7.840000e+03 2.342093e-02
7.850000e+03 2.342258e-02
7.860000e+03 2.342423e-02
7.870000e+03 2.342586e-02
7.880000e+03 2.342750e-02
7.890000e+03 2.342912e-02
7.900000e+03 2.343073e-02
7.910000e+03 2.343233e-02
7.920000e+03 2.343393e-02
7.930000e+03 2.343551e-02
7.940000e+03 2.343708e-02
7.950000e+03 2.343863e-02
7.960000e+03 2.344018e-02
7.970000e+03 2.344171e-02
7.980000e+03 2.344323e-02
7.990000e+03 2.344473e-02
8.000000e+03 2.344622e-02
8.010000e+03 2.344770e-02
8.020000e+03 2.344916e-02
8.030000e+03 2.345061e-02
8.040000e+03 2.345204e-02
8.050000e+03 2.345346e-02
8.060000e+03 2.345486e-02
8.070000e+03 2.345625e-02
8.080000e+03 2.345763e-02
8.090000e+03 2.345899e-02
8.100000e+03 2.346034e-02
8.110000e+03 2.346168e-02
8.120000e+03 2.346300e-02
8.130000e+03 2.346432e-02
8.140000e+03 2.346561e-02
8.150000e+03 2.346690e-02
8.160000e+03 2.346818e-02
8.170000e+03 2.346944e-02
8.180000e+03 2.347070e-02
8.190000e+03 2.347195e-02
8.200000e+03 2.347318e-02
8.210000e+03 2.347441e-02
8.220000e+03 2.347564e-02
8.230000e+03 2.347685e-02
8.240000e+03 2.347807e-02
8.250000e+03 2.347962e-02
8.260000e+03 2.350285e-02
8.270000e+03 3.786275e-02
8.280000e+03 1.233366e-01
8.290000e+03 4.750119e-02
8.300000e+03 4.750603e-02
8.310000e+03 3.320975e-02
8.320000e+03 2.834157e-02
8.330000e+03 2.699942e-02
8.340000e+03 3.133850e-02
8.350000e+03 2.944941e-02
8.360000e+03 2.781108e-02
8.370000e+03 2.814678e-02
8.380000e+03 2.860453e-02
8.390000e+03 2.827157e-02
8.400000e+03 2.774457e-02
8.410000e+03 2.742198e-02
8.420000e+03 2.719370e-02
8.430000e+03 2.692871e-02
8.440000e+03 2.662889e-02
8.450000e+03 2.633946e-02
8.460000e+03 2.607599e-02
8.470000e+03 2.583129e-02
8.480000e+03 2.559976e-02
8.490000e+03 2.538138e-02
8.500000e+03 2.517809e-02
8.510000e+03 2.499055e-02
8.520000e+03 2.481815e-02
8.530000e+03 2.466003e-02
8.540000e+03 2.451545e-02
8.550000e+03 2.438379e-02
8.560000e+03 2.426446e-02
8.570000e+03 2.415683e-02
8.580000e+03 2.406025e-02
8.590000e+03 2.397407e-02
8.600000e+03 2.389766e-02
8.610000e+03 2.383040e-02
8.620000e+03 2.377170e-02
8.630000e+03 2.372101e-02
8.640000e+03 2.367777e-02
8.650000e+03 2.364148e-02
8.660000e+03 2.361165e-02
8.670000e+03 2.358783e-02
8.680000e+03 2.356957e-02
8.690000e+03 2.355647e-02
8.700000e+03 2.354813e-02
8.710000e+03 2.354420e-02
8.720000e+03 2.354433e-02
8.730000e+03 2.354821e-02
8.740000e+03 2.355554e-02
8.750000e+03 2.356604e-02
8.760000e+03 2.357945e-02
8.770000e+03 2.359552e-02
8.780000e+03 2.361404e-02
8.790000e+03 2.363479e-02
8.800000e+03 2.365758e-02
8.810000e+03 2.368223e-02
8.820000e+03 2.370856e-02
8.830000e+03 2.373643e-02
8.840000e+03 2.376568e-02
8.850000e+03 2.379619e-02
8.860000e+03 2.382783e-02
8.870000e+03 2.386047e-02
8.880000e+03 2.389402e-02
8.890000e+03 2.392837e-02
8.900000e+03 2.396344e-02
8.910000e+03 2.399913e-02
8.920000e+03 2.403536e-02
8.930000e+03 2.407207e-02
8.940000e+03 2.410918e-02
8.950000e+03 2.414663e-02
8.960000e+03 2.418437e-02
8.970000e+03 2.422232e-02
8.980000e+03 2.426046e-02
8.990000e+03 2.429873e-02
9.000000e+03 2.433708e-02
9.010000e+03 2.437547e-02
9.020000e+03 2.441387e-02
9.030000e+03 2.445225e-02
9.040000e+03 2.449057e-02
9.050000e+03 2.452879e-02
9.060000e+03 2.456690e-02
9.070000e+03 2.460487e-02
9.080000e+03 2.464267e-02
9.090000e+03 2.468028e-02
9.100000e+03 2.471768e-02
9.110000e+03 2.475485e-02
9.120000e+03 2.479178e-02
9.130000e+03 2.482844e-02
9.140000e+03 2.486483e-02
9.150000e+03 2.490093e-02
9.160000e+03 2.493672e-02
9.170000e+03 2.497219e-02
9.180000e+03 2.500734e-02
9.190000e+03 2.504215e-02
9.200000e+03 2.507662e-02
9.210000e+03 2.511073e-02
9.220000e+03 2.514447e-02
9.230000e+03 2.517785e-02
9.240000e+03 2.521085e-02
9.250000e+03 2.524347e-02
9.260000e+03 2.527571e-02
9.270000e+03 2.530755e-02
9.280000e+03 2.533900e-02
9.290000e+03 2.537005e-02
9.300000e+03 2.540069e-02
9.310000e+03 2.543093e-02
9.320000e+03 2.546076e-02
9.330000e+03 2.549018e-02
9.340000e+03 2.551919e-02
9.350000e+03 2.554779e-02
9.360000e+03 2.557597e-02
9.370000e+03 2.560374e-02
9.380000e+03 2.563110e-02
9.390000e+03 2.565804e-02
9.400000e+03 2.568456e-02
9.410000e+03 2.571067e-02
9.420000e+03 2.573636e-02
9.430000e+03 2.576164e-02
9.440000e+03 2.578651e-02
9.450000e+03 2.581096e-02
9.460000e+03 2.583501e-02
9.470000e+03 2.585865e-02
9.480000e+03 2.588188e-02
9.490000e+03 2.590470e-02
9.500000e+03 2.592713e-02
9.510000e+03 2.594915e-02
9.520000e+03 2.597077e-02
9.530000e+03 2.599200e-02
9.540000e+03 2.601283e-02
9.550000e+03 2.603328e-02
9.560000e+03 2.605333e-02
9.570000e+03 2.607300e-02
9.580000e+03 2.609229e-02
9.590000e+03 2.611119e-02
9.600000e+03 2.612972e-02
9.610000e+03 2.614788e-02
9.620000e+03 2.616567e-02
9.630000e+03 2.618309e-02
9.640000e+03 2.620015e-02
9.650000e+03 2.621685e-02
9.660000e+03 2.623319e-02
9.670000e+03 2.624918e-02
9.680000e+03 2.626482e-02
9.690000e+03 2.628012e-02
9.700000e+03 2.629507e-02
9.710000e+03 2.630969e-02
9.720000e+03 2.632397e-02
9.730000e+03 2.633792e-02
9.740000e+03 2.635155e-02
9.750000e+03 2.636485e-02
9.760000e+03 2.637784e-02
9.770000e+03 2.639051e-02
9.780000e+03 2.640287e-02
9.790000e+03 2.641492e-02
9.800000e+03 2.642667e-02
9.810000e+03 2.643812e-02
9.820000e+03 2.644927e-02
9.830000e+03 2.646014e-02
9.840000e+03 2.647072e-02
9.850000e+03 2.648102e-02
9.860000e+03 2.649103e-02
9.870000e+03 2.650078e-02
9.880000e+03 2.651025e-02
9.890000e+03 2.651946e-02
9.900000e+03 2.652841e-02
9.910000e+03 2.653710e-02
9.920000e+03 2.654553e-02
9.930000e+03 2.655372e-02
9.940000e+03 2.656166e-02
9.950000e+03 2.656935e-02
9.960000e+03 2.657681e-02
9.970000e+03 2.658404e-02
9.980000e+03 2.659103e-02
9.990000e+03 2.659780e-02
1.000000e+04 2.660435e-02
