1.000000e+01 4.231747e-01
2.000000e+01 3.713536e-01
3.000000e+01 3.100899e-01
4.000000e+01 3.077030e-01
5.000000e+01 2.995003e-01
6.000000e+01 3.071821e-01
7.000000e+01 3.099556e-01
8.000000e+01 3.070136e-01
9.000000e+01 3.112699e-01
1.000000e+02 3.082676e-01
1.100000e+02 3.093367e-01
1.200000e+02 3.084285e-01
1.300000e+02 3.075432e-01
1.400000e+02 3.071445e-01
1.500000e+02 3.062605e-01
1.600000e+02 3.057111e-01
1.700000e+02 3.051841e-01
1.800000e+02 3.048119e-01
1.900000e+02 3.044653e-01
2.000000e+02 3.042451e-01
2.100000e+02 3.040552e-01
2.200000e+02 3.038822e-01
2.300000e+02 3.037248e-01
2.400000e+02 3.035493e-01
2.500000e+02 3.033444e-01
2.600000e+02 3.030976e-01
2.700000e+02 3.028010e-01
2.800000e+02 3.024532e-01
2.900000e+02 3.020552e-01
3.000000e+02 3.016122e-01
3.100000e+02 3.011330e-01
3.200000e+02 3.006280e-01
3.300000e+02 3.001086e-01
3.400000e+02 2.995868e-01
3.500000e+02 2.990871e-01
3.600000e+02 2.986169e-01
3.700000e+02 2.981747e-01
3.800000e+02 2.977664e-01
3.900000e+02 2.973955e-01
4.000000e+02 2.970637e-01
4.100000e+02 2.967707e-01
4.200000e+02 2.965151e-01
4.300000e+02 2.962943e-01
4.400000e+02 2.961054e-01
4.500000e+02 2.959855e-01
4.600000e+02 2.960137e-01
4.700000e+02 2.960215e-01
4.800000e+02 2.960118e-01
4.900000e+02 2.959872e-01
5.000000e+02 2.959504e-01
5.100000e+02 2.959038e-01
5.200000e+02 2.958496e-01
5.300000e+02 2.957901e-01
5.400000e+02 2.957275e-01
5.500000e+02 2.956638e-01
5.600000e+02 2.956008e-01
5.700000e+02 2.955400e-01
5.800000e+02 2.954829e-01
5.900000e+02 2.954303e-01
6.000000e+02 2.953829e-01
6.100000e+02 2.953412e-01
6.200000e+02 2.953051e-01
6.300000e+02 2.952744e-01
6.400000e+02 2.952486e-01
6.500000e+02 2.952269e-01
6.600000e+02 2.952087e-01
6.700000e+02 2.951928e-01
6.800000e+02 2.951784e-01
6.900000e+02 2.951645e-01
7.000000e+02 2.951502e-01
7.100000e+02 2.951345e-01
7.200000e+02 2.951168e-01
7.300000e+02 2.950962e-01
7.400000e+02 2.950722e-01
7.500000e+02 2.950445e-01
7.600000e+02 2.950125e-01
7.700000e+02 2.949762e-01
7.800000e+02 2.949353e-01
7.900000e+02 2.948899e-01
8.000000e+02 2.948400e-01
8.100000e+02 2.947857e-01
8.200000e+02 2.947272e-01
8.300000e+02 2.946649e-01
8.400000e+02 2.945988e-01
8.500000e+02 2.945294e-01
8.600000e+02 2.944568e-01
8.700000e+02 2.943814e-01
8.800000e+02 2.943034e-01
8.900000e+02 2.942231e-01
9.000000e+02 2.941407e-01
9.100000e+02 2.940481e-01
9.200000e+02 2.938192e-01
9.300000e+02 2.935988e-01
9.400000e+02 2.934980e-01
9.500000e+02 2.933813e-01
9.600000e+02 2.932319e-01
9.700000e+02 2.930735e-01
9.800000e+02 2.928912e-01
9.900000e+02 2.927036e-01
1.000000e+03 2.925193e-01
1.010000e+03 2.923332e-01
1.020000e+03 2.921471e-01
1.030000e+03 2.919584e-01
1.040000e+03 2.917657e-01
1.050000e+03 2.915694e-01
1.060000e+03 2.913688e-01
1.070000e+03 2.911638e-01
1.080000e+03 2.909541e-01
1.090000e+03 2.907395e-01
1.100000e+03 2.905200e-01
1.110000e+03 2.902959e-01
1.120000e+03 2.900673e-01
1.130000e+03 2.898346e-01
1.140000e+03 2.895981e-01
1.150000e+03 2.893581e-01
1.160000e+03 2.891151e-01
1.170000e+03 2.888694e-01
1.180000e+03 2.886359e-01
1.190000e+03 2.884027e-01
1.200000e+03 2.881647e-01
1.210000e+03 2.879220e-01
1.220000e+03 2.876748e-01
1.230000e+03 2.874234e-01
1.240000e+03 2.871678e-01
1.250000e+03 2.869084e-01
1.260000e+03 2.866455e-01
1.270000e+03 2.863793e-01
1.280000e+03 2.861101e-01
1.290000e+03 2.858381e-01
1.300000e+03 2.855637e-01
1.310000e+03 2.852870e-01
1.320000e+03 2.850082e-01
1.330000e+03 2.847276e-01
1.340000e+03 2.844453e-01
1.350000e+03 2.841655e-01
1.360000e+03 2.838872e-01
1.370000e+03 2.836067e-01
1.380000e+03 2.833241e-01
1.390000e+03 2.830395e-01
1.400000e+03 2.827528e-01
1.410000e+03 2.824643e-01
1.420000e+03 2.821740e-01
1.430000e+03 2.818820e-01
1.440000e+03 2.815884e-01
1.450000e+03 2.812934e-01
1.460000e+03 2.809971e-01
1.470000e+03 2.806995e-01
1.480000e+03 2.804008e-01
1.490000e+03 2.801010e-01
1.500000e+03 2.798002e-01
1.510000e+03 2.794984e-01
1.520000e+03 2.791957e-01
1.530000e+03 2.788921e-01
1.540000e+03 2.785876e-01
1.550000e+03 2.782821e-01
1.560000e+03 2.779756e-01
1.570000e+03 2.776680e-01
1.580000e+03 2.773594e-01
1.590000e+03 2.770496e-01
1.600000e+03 2.767385e-01
1.610000e+03 2.764380e-01
1.620000e+03 2.759902e-01
1.630000e+03 2.760786e-01
1.640000e+03 2.755683e-01
1.650000e+03 2.753968e-01
1.660000e+03 2.749784e-01
1.670000e+03 2.746167e-01
1.680000e+03 2.743878e-01
1.690000e+03 2.740501e-01
1.700000e+03 2.737741e-01
1.710000e+03 2.734503e-01
1.720000e+03 2.731454e-01
1.730000e+03 2.728427e-01
1.740000e+03 2.725276e-01
1.750000e+03 2.722119e-01
1.760000e+03 2.718972e-01
1.770000e+03 2.715797e-01
1.780000e+03 2.712593e-01
1.790000e+03 2.709365e-01
1.800000e+03 2.706113e-01
1.810000e+03 2.702837e-01
1.820000e+03 2.699534e-01
1.830000e+03 2.696203e-01
1.840000e+03 2.692846e-01
1.850000e+03 2.689460e-01
1.860000e+03 2.686045e-01
1.870000e+03 2.682600e-01
1.880000e+03 2.679114e-01
1.890000e+03 2.675277e-01
1.900000e+03 2.674649e-01
1.910000e+03 2.667974e-01
1.920000e+03 2.671499e-01
1.930000e+03 2.658626e-01
1.940000e+03 2.659996e-01
1.950000e+03 2.655165e-01
1.960000e+03 2.652093e-01
1.970000e+03 2.648267e-01
1.980000e+03 2.645167e-01
1.990000e+03 2.641127e-01
2.000000e+03 2.637744e-01
2.010000e+03 2.634014e-01
2.020000e+03 2.630257e-01
2.030000e+03 2.626548e-01
2.040000e+03 2.622765e-01
2.050000e+03 2.618918e-01
2.060000e+03 2.615028e-01
2.070000e+03 2.611099e-01
2.080000e+03 2.607124e-01
2.090000e+03 2.603102e-01
2.100000e+03 2.599030e-01
2.110000e+03 2.594906e-01
2.120000e+03 2.590729e-01
2.130000e+03 2.586499e-01
2.140000e+03 2.582214e-01
2.150000e+03 2.577872e-01
2.160000e+03 2.573472e-01
2.170000e+03 2.569012e-01
2.180000e+03 2.564491e-01
2.190000e+03 2.559906e-01
2.200000e+03 2.555255e-01
2.210000e+03 2.550485e-01
2.220000e+03 2.543505e-01
2.230000e+03 2.542280e-01
2.240000e+03 2.539054e-01
2.250000e+03 2.533658e-01
2.260000e+03 2.524003e-01
2.270000e+03 2.524265e-01
2.280000e+03 2.516421e-01
2.290000e+03 2.513170e-01
2.300000e+03 2.507671e-01
2.310000e+03 2.502731e-01
2.320000e+03 2.497555e-01
2.330000e+03 2.492451e-01
2.340000e+03 2.487119e-01
2.350000e+03 2.481878e-01
2.360000e+03 2.476440e-01
2.370000e+03 2.470988e-01
2.380000e+03 2.465770e-01
2.390000e+03 2.461058e-01
2.400000e+03 2.456328e-01
2.410000e+03 2.451577e-01
2.420000e+03 2.446809e-01
2.430000e+03 2.442023e-01
2.440000e+03 2.437218e-01
2.450000e+03 2.432395e-01
2.460000e+03 2.427551e-01
2.470000e+03 2.422687e-01
2.480000e+03 2.417800e-01
2.490000e+03 2.412890e-01
2.500000e+03 2.407954e-01
2.510000e+03 2.402993e-01
2.520000e+03 2.398002e-01
2.530000e+03 2.392981e-01
2.540000e+03 2.387926e-01
2.550000e+03 2.382837e-01
2.560000e+03 2.377709e-01
2.570000e+03 2.372540e-01
2.580000e+03 2.367327e-01
2.590000e+03 2.362067e-01
2.600000e+03 2.356750e-01
2.610000e+03 2.351084e-01
2.620000e+03 2.344887e-01
2.630000e+03 2.346489e-01
2.640000e+03 2.334467e-01
2.650000e+03 2.332361e-01
2.660000e+03 2.325141e-01
2.670000e+03 2.319746e-01
2.680000e+03 2.315377e-01
2.690000e+03 2.309657e-01
2.700000e+03 2.304200e-01
2.710000e+03 2.298403e-01
2.720000e+03 2.292424e-01
2.730000e+03 2.286558e-01
2.740000e+03 2.280488e-01
2.750000e+03 2.274371e-01
2.760000e+03 2.268122e-01
2.770000e+03 2.261778e-01
2.780000e+03 2.255306e-01
2.790000e+03 2.248713e-01
2.800000e+03 2.241994e-01
2.810000e+03 2.235141e-01
2.820000e+03 2.228151e-01
2.830000e+03 2.221018e-01
2.840000e+03 2.213738e-01
2.850000e+03 2.206305e-01
2.860000e+03 2.198713e-01
2.870000e+03 2.190957e-01
2.880000e+03 2.183032e-01
2.890000e+03 2.174931e-01
2.900000e+03 2.166650e-01
2.910000e+03 2.158181e-01
2.920000e+03 2.149519e-01
2.930000e+03 2.140658e-01
2.940000e+03 2.131591e-01
2.950000e+03 2.125546e-01
2.960000e+03 2.119825e-01
2.970000e+03 2.114044e-01
2.980000e+03 2.108209e-01
2.990000e+03 2.102322e-01
3.000000e+03 2.096399e-01
3.010000e+03 2.090437e-01
3.020000e+03 2.084422e-01
3.030000e+03 2.078341e-01
3.040000e+03 2.072193e-01
3.050000e+03 2.065968e-01
3.060000e+03 2.059660e-01
3.070000e+03 2.053258e-01
3.080000e+03 2.046754e-01
3.090000e+03 2.040137e-01
3.100000e+03 2.033399e-01
3.110000e+03 2.026526e-01
3.120000e+03 2.019509e-01
3.130000e+03 2.012336e-01
3.140000e+03 2.004995e-01
3.150000e+03 1.997489e-01
3.160000e+03 1.990194e-01
3.170000e+03 1.992687e-01
3.180000e+03 1.983404e-01
3.190000e+03 1.961696e-01
3.200000e+03 1.957245e-01
3.210000e+03 1.946517e-01
3.220000e+03 1.937356e-01
3.230000e+03 1.928394e-01
3.240000e+03 1.918430e-01
3.250000e+03 1.909013e-01
3.260000e+03 1.898765e-01
3.270000e+03 1.888513e-01
3.280000e+03 1.877706e-01
3.290000e+03 1.866643e-01
3.300000e+03 1.855164e-01
3.310000e+03 1.843347e-01
3.320000e+03 1.831154e-01
3.330000e+03 1.818609e-01
3.340000e+03 1.805712e-01
3.350000e+03 1.792471e-01
3.360000e+03 1.778902e-01
3.370000e+03 1.765016e-01
3.380000e+03 1.750835e-01
3.390000e+03 1.736381e-01
3.400000e+03 1.721679e-01
3.410000e+03 1.706759e-01
3.420000e+03 1.691651e-01
3.430000e+03 1.676388e-01
3.440000e+03 1.661004e-01
3.450000e+03 1.645535e-01
3.460000e+03 1.630015e-01
3.470000e+03 1.614481e-01
3.480000e+03 1.598968e-01
3.490000e+03 1.583509e-01
3.500000e+03 1.568138e-01
3.510000e+03 1.552885e-01
3.520000e+03 1.537781e-01
3.530000e+03 1.522851e-01
3.540000e+03 1.508120e-01
3.550000e+03 1.493611e-01
3.560000e+03 1.479344e-01
3.570000e+03 1.465337e-01
3.580000e+03 1.451603e-01
3.590000e+03 1.438156e-01
3.600000e+03 1.425005e-01
3.610000e+03 1.412160e-01
3.620000e+03 1.406513e-01
3.630000e+03 1.401112e-01
3.640000e+03 1.395871e-01
3.650000e+03 1.390784e-01
3.660000e+03 1.385845e-01
3.670000e+03 1.381046e-01
3.680000e+03 1.376382e-01
3.690000e+03 1.371847e-01
3.700000e+03 1.367433e-01
3.710000e+03 1.363133e-01
3.720000e+03 1.358942e-01
3.730000e+03 1.354854e-01
3.740000e+03 1.350860e-01
3.750000e+03 1.346957e-01
3.760000e+03 1.343137e-01
3.770000e+03 1.339395e-01
3.780000e+03 1.335725e-01
3.790000e+03 1.332123e-01
3.800000e+03 1.328583e-01
3.810000e+03 1.325101e-01
3.820000e+03 1.321673e-01
3.830000e+03 1.318294e-01
3.840000e+03 1.314929e-01
3.850000e+03 1.309965e-01
3.860000e+03 1.240682e-01
3.870000e+03 1.271623e-01
3.880000e+03 1.537842e-01
3.890000e+03 1.501670e-01
3.900000e+03 1.396898e-01
3.910000e+03 1.330214e-01
3.920000e+03 1.306300e-01
3.930000e+03 1.286672e-01
3.940000e+03 1.280886e-01
3.950000e+03 1.283457e-01
3.960000e+03 1.278719e-01
3.970000e+03 1.276736e-01
3.980000e+03 1.273484e-01
3.990000e+03 1.269925e-01
4.000000e+03 1.267356e-01
4.010000e+03 1.264464e-01
4.020000e+03 1.261668e-01
4.030000e+03 1.258782e-01
4.040000e+03 1.255935e-01
4.050000e+03 1.253261e-01
4.060000e+03 1.250642e-01
4.070000e+03 1.248094e-01
4.080000e+03 1.245571e-01
4.090000e+03 1.243112e-01
4.100000e+03 1.240697e-01
4.110000e+03 1.238323e-01
4.120000e+03 1.235976e-01
4.130000e+03 1.233659e-01
4.140000e+03 1.231369e-01
4.150000e+03 1.229103e-01
4.160000e+03 1.226860e-01
4.170000e+03 1.224638e-01
4.180000e+03 1.222436e-01
4.190000e+03 1.220253e-01
4.200000e+03 1.218086e-01
4.210000e+03 1.215937e-01
4.220000e+03 1.213804e-01
4.230000e+03 1.211686e-01
4.240000e+03 1.209582e-01
4.250000e+03 1.207493e-01
4.260000e+03 1.205418e-01
4.270000e+03 1.203357e-01
4.280000e+03 1.201308e-01
4.290000e+03 1.199273e-01
4.300000e+03 1.197250e-01
4.310000e+03 1.195240e-01
4.320000e+03 1.193242e-01
4.330000e+03 1.191256e-01
4.340000e+03 1.189282e-01
4.350000e+03 1.187320e-01
4.360000e+03 1.185369e-01
4.370000e+03 1.183431e-01
4.380000e+03 1.181504e-01
4.390000e+03 1.179588e-01
4.400000e+03 1.177684e-01
4.410000e+03 1.175792e-01
4.420000e+03 1.173910e-01
4.430000e+03 1.172038e-01
4.440000e+03 1.170176e-01
4.450000e+03 1.168324e-01
4.460000e+03 1.166482e-01
4.470000e+03 1.164648e-01
4.480000e+03 1.162824e-01
4.490000e+03 1.161008e-01
4.500000e+03 1.159201e-01
4.510000e+03 1.157403e-01
4.520000e+03 1.155614e-01
4.530000e+03 1.153833e-01
4.540000e+03 1.152060e-01
4.550000e+03 1.150296e-01
4.560000e+03 1.148540e-01
4.570000e+03 1.146792e-01
4.580000e+03 1.145053e-01
4.590000e+03 1.143321e-01
4.600000e+03 1.141597e-01
4.610000e+03 1.139882e-01
4.620000e+03 1.138174e-01
4.630000e+03 1.136475e-01
4.640000e+03 1.134783e-01
4.650000e+03 1.133100e-01
4.660000e+03 1.131424e-01
4.670000e+03 1.129756e-01
4.680000e+03 1.128096e-01
4.690000e+03 1.126444e-01
4.700000e+03 1.124800e-01
4.710000e+03 1.123164e-01
4.720000e+03 1.121536e-01
4.730000e+03 1.119916e-01
4.740000e+03 1.118304e-01
4.750000e+03 1.116701e-01
4.760000e+03 1.115105e-01
4.770000e+03 1.113518e-01
4.780000e+03 1.111939e-01
4.790000e+03 1.110368e-01
4.800000e+03 1.108806e-01
4.810000e+03 1.107252e-01
4.820000e+03 1.105706e-01
4.830000e+03 1.104170e-01
4.840000e+03 1.102642e-01
4.850000e+03 1.101123e-01
4.860000e+03 1.099613e-01
4.870000e+03 1.098111e-01
4.880000e+03 1.096619e-01
4.890000e+03 1.095135e-01
4.900000e+03 1.093661e-01
4.910000e+03 1.092195e-01
4.920000e+03 1.090739e-01
4.930000e+03 1.089291e-01
4.940000e+03 1.087853e-01
4.950000e+03 1.086423e-01
4.960000e+03 1.085003e-01
4.970000e+03 1.083592e-01
4.980000e+03 1.082189e-01
4.990000e+03 1.080796e-01
5.000000e+03 1.079411e-01
5.010000e+03 1.078036e-01
5.020000e+03 1.076669e-01
5.030000e+03 1.075311e-01
5.040000e+03 1.073962e-01
5.050000e+03 1.072621e-01
5.060000e+03 1.071290e-01
5.070000e+03 1.069967e-01
5.080000e+03 1.068653e-01
5.090000e+03 1.067349e-01
5.100000e+03 1.066053e-01
5.110000e+03 1.064766e-01
5.120000e+03 1.063489e-01
5.130000e+03 1.062221e-01
5.140000e+03 1.060962e-01
5.150000e+03 1.059713e-01
5.160000e+03 1.058474e-01
5.170000e+03 1.057244e-01
5.180000e+03 1.056025e-01
5.190000e+03 1.054815e-01
5.200000e+03 1.053616e-01
5.210000e+03 1.052427e-01
5.220000e+03 1.051249e-01
5.230000e+03 1.050081e-01
5.240000e+03 1.048924e-01
5.250000e+03 1.047778e-01
5.260000e+03 1.046642e-01
5.270000e+03 1.045517e-01
5.280000e+03 1.044403e-01
5.290000e+03 1.043301e-01
5.300000e+03 1.042208e-01
5.310000e+03 1.041127e-01
5.320000e+03 1.040056e-01
5.330000e+03 1.038996e-01
5.340000e+03 1.037946e-01
5.350000e+03 1.036907e-01
5.360000e+03 1.035877e-01
5.370000e+03 1.034858e-01
5.380000e+03 1.033848e-01
5.390000e+03 1.032847e-01
5.400000e+03 1.031860e-01
5.410000e+03 1.031168e-01
5.420000e+03 1.054074e-01
5.430000e+03 1.424240e-01
5.440000e+03 1.012827e-01
5.450000e+03 9.502860e-02
5.460000e+03 1.139816e-01
5.470000e+03 1.155608e-01
5.480000e+03 1.026736e-01
5.490000e+03 1.040234e-01
5.500000e+03 1.015765e-01
5.510000e+03 9.797419e-02
5.520000e+03 1.007164e-01
5.530000e+03 9.980424e-02
5.540000e+03 9.981110e-02
5.550000e+03 9.979198e-02
5.560000e+03 9.983246e-02
5.570000e+03 9.948097e-02
5.580000e+03 9.945977e-02
5.590000e+03 9.931253e-02
5.600000e+03 9.914989e-02
5.610000e+03 9.907702e-02
5.620000e+03 9.897317e-02
5.630000e+03 9.889352e-02
5.640000e+03 9.882386e-02
5.650000e+03 9.876357e-02
5.660000e+03 9.871341e-02
5.670000e+03 9.867205e-02
5.680000e+03 9.863666e-02
5.690000e+03 9.860903e-02
5.700000e+03 9.858608e-02
5.710000e+03 9.856831e-02
5.720000e+03 9.855423e-02
5.730000e+03 9.854353e-02
5.740000e+03 9.853579e-02
5.750000e+03 9.853037e-02
5.760000e+03 9.852734e-02
5.770000e+03 9.852574e-02
5.780000e+03 9.852529e-02
5.790000e+03 9.852554e-02
5.800000e+03 9.852625e-02
5.810000e+03 9.852720e-02
5.820000e+03 9.852821e-02
5.830000e+03 9.852912e-02
5.840000e+03 9.852980e-02
5.850000e+03 9.853014e-02
5.860000e+03 9.853006e-02
5.870000e+03 9.852948e-02
5.880000e+03 9.852835e-02
5.890000e+03 9.852662e-02
5.900000e+03 9.852426e-02
5.910000e+03 9.852122e-02
5.920000e+03 9.851751e-02
5.930000e+03 9.851309e-02
5.940000e+03 9.850795e-02
5.950000e+03 9.850211e-02
5.960000e+03 9.849554e-02
5.970000e+03 9.848825e-02
5.980000e+03 9.848025e-02
5.990000e+03 9.847155e-02
6.000000e+03 9.846214e-02
6.010000e+03 9.845203e-02
6.020000e+03 9.844125e-02
6.030000e+03 9.842979e-02
6.040000e+03 9.841767e-02
6.050000e+03 9.840490e-02
6.060000e+03 9.839149e-02
6.070000e+03 9.837745e-02
6.080000e+03 9.836280e-02
6.090000e+03 9.834755e-02
6.100000e+03 9.833171e-02
6.110000e+03 9.831529e-02
6.120000e+03 9.832667e-02
6.130000e+03 9.840170e-02
6.140000e+03 9.847471e-02
6.150000e+03 9.854583e-02
6.160000e+03 9.861518e-02
6.170000e+03 9.868289e-02
6.180000e+03 9.874907e-02
6.190000e+03 9.881383e-02
6.200000e+03 9.887727e-02
6.210000e+03 9.893949e-02
6.220000e+03 9.900058e-02
6.230000e+03 9.906063e-02
6.240000e+03 9.911972e-02
6.250000e+03 9.917792e-02
6.260000e+03 9.923532e-02
6.270000e+03 9.929198e-02
6.280000e+03 9.934796e-02
6.290000e+03 9.940333e-02
6.300000e+03 9.945815e-02
6.310000e+03 9.951247e-02
6.320000e+03 9.956636e-02
6.330000e+03 9.961985e-02
6.340000e+03 9.967300e-02
6.350000e+03 9.972585e-02
6.360000e+03 9.977846e-02
6.370000e+03 9.983085e-02
6.380000e+03 9.988308e-02
6.390000e+03 9.993519e-02
6.400000e+03 9.998720e-02
6.410000e+03 1.000392e-01
6.420000e+03 1.000911e-01
6.430000e+03 1.001431e-01
6.440000e+03 1.001951e-01
6.450000e+03 1.002472e-01
6.460000e+03 1.002994e-01
6.470000e+03 1.003517e-01
6.480000e+03 1.004043e-01
6.490000e+03 1.004570e-01
6.500000e+03 1.005100e-01
6.510000e+03 1.005632e-01
6.520000e+03 1.006166e-01
6.530000e+03 1.006704e-01
6.540000e+03 1.007245e-01
6.550000e+03 1.007790e-01
6.560000e+03 1.008338e-01
6.570000e+03 1.008890e-01
6.580000e+03 1.009446e-01
6.590000e+03 1.010006e-01
6.600000e+03 1.010570e-01
6.610000e+03 1.011139e-01
6.620000e+03 1.011713e-01
6.630000e+03 1.012291e-01
6.640000e+03 1.012873e-01
6.650000e+03 1.013461e-01
6.660000e+03 1.014053e-01
6.670000e+03 1.014650e-01
6.680000e+03 1.015252e-01
6.690000e+03 1.015859e-01
6.700000e+03 1.016471e-01
6.710000e+03 1.017087e-01
6.720000e+03 1.017708e-01
6.730000e+03 1.018335e-01
6.740000e+03 1.018965e-01
6.750000e+03 1.019601e-01
6.760000e+03 1.020241e-01
6.770000e+03 1.020885e-01
6.780000e+03 1.021534e-01
6.790000e+03 1.022186e-01
6.800000e+03 1.022843e-01
6.810000e+03 1.023504e-01
6.820000e+03 1.024168e-01
6.830000e+03 1.024837e-01
6.840000e+03 1.025508e-01
6.850000e+03 1.026184e-01
6.860000e+03 1.026862e-01
6.870000e+03 1.027543e-01
6.880000e+03 1.028228e-01
6.890000e+03 1.028915e-01
6.900000e+03 1.029605e-01
6.910000e+03 1.030297e-01
6.920000e+03 1.030992e-01
6.930000e+03 1.031688e-01
6.940000e+03 1.032387e-01
6.950000e+03 1.033088e-01
6.960000e+03 1.033790e-01
6.970000e+03 1.034494e-01
6.980000e+03 1.035200e-01
6.990000e+03 1.035906e-01
7.000000e+03 1.036615e-01
7.010000e+03 1.037324e-01
7.020000e+03 1.038034e-01
7.030000e+03 1.038745e-01
7.040000e+03 1.039457e-01
7.050000e+03 1.040169e-01
7.060000e+03 1.040882e-01
7.070000e+03 1.041596e-01
7.080000e+03 1.042309e-01
7.090000e+03 1.043024e-01
7.100000e+03 1.043738e-01
7.110000e+03 1.044452e-01
7.120000e+03 1.045167e-01
7.130000e+03 1.045882e-01
7.140000e+03 1.046596e-01
7.150000e+03 1.047310e-01
7.160000e+03 1.048024e-01
7.170000e+03 1.048738e-01
7.180000e+03 1.049452e-01
7.190000e+03 1.050165e-01
7.200000e+03 1.050878e-01
7.210000e+03 1.051590e-01
7.220000e+03 1.052301e-01
7.230000e+03 1.053013e-01
7.240000e+03 1.053723e-01
7.250000e+03 1.054433e-01
7.260000e+03 1.055141e-01
7.270000e+03 1.055850e-01
7.280000e+03 1.056557e-01
7.290000e+03 1.057263e-01
7.300000e+03 1.057969e-01
7.310000e+03 1.058673e-01
7.320000e+03 1.059377e-01
7.330000e+03 1.060079e-01
7.340000e+03 1.060780e-01
7.350000e+03 1.061481e-01
7.360000e+03 1.062180e-01
7.370000e+03 1.062877e-01
7.380000e+03 1.063574e-01
7.390000e+03 1.064269e-01
7.400000e+03 1.064963e-01
7.410000e+03 1.065655e-01
7.420000e+03 1.066346e-01
7.430000e+03 1.067035e-01
7.440000e+03 1.067723e-01
7.450000e+03 1.068409e-01
7.460000e+03 1.069094e-01
7.470000e+03 1.069777e-01
7.480000e+03 1.070458e-01
7.490000e+03 1.071138e-01
7.500000e+03 1.071816e-01
7.510000e+03 1.072492e-01
7.520000e+03 1.073166e-01
7.530000e+03 1.073838e-01
7.540000e+03 1.074508e-01
7.550000e+03 1.075176e-01
7.560000e+03 1.075842e-01
7.570000e+03 1.076506e-01
7.580000e+03 1.077168e-01
7.590000e+03 1.077828e-01
7.600000e+03 1.078486e-01
7.610000e+03 1.079141e-01
7.620000e+03 1.079794e-01
7.630000e+03 1.080445e-01
7.640000e+03 1.081094e-01
7.650000e+03 1.081740e-01
7.660000e+03 1.082384e-01
7.670000e+03 1.083025e-01
7.680000e+03 1.083664e-01
7.690000e+03 1.084301e-01
7.700000e+03 1.084935e-01
7.710000e+03 1.085566e-01
7.720000e+03 1.086195e-01
7.730000e+03 1.086821e-01
7.740000e+03 1.087445e-01
7.750000e+03 1.088066e-01
7.760000e+03 1.088685e-01
7.770000e+03 1.089301e-01
7.780000e+03 1.089914e-01
7.790000e+03 1.090525e-01
7.800000e+03 1.091133e-01
7.810000e+03 1.091739e-01
7.820000e+03 1.092341e-01
7.830000e+03 1.092941e-01
7.840000e+03 1.093539e-01
7.850000e+03 1.094133e-01
7.860000e+03 1.094742e-01
7.870000e+03 1.095443e-01
7.880000e+03 1.096141e-01
7.890000e+03 1.096837e-01
7.900000e+03 1.097531e-01
7.910000e+03 1.098223e-01
7.920000e+03 1.098912e-01
7.930000e+03 1.099599e-01
7.940000e+03 1.100284e-01
7.950000e+03 1.100967e-01
7.960000e+03 1.101648e-01
7.970000e+03 1.102326e-01
7.980000e+03 1.103003e-01
7.990000e+03 1.103677e-01
8.000000e+03 1.104349e-01
8.010000e+03 1.105020e-01
8.020000e+03 1.105688e-01
8.030000e+03 1.106354e-01
8.040000e+03 1.107019e-01
8.050000e+03 1.107682e-01
8.060000e+03 1.108343e-01
8.070000e+03 1.109002e-01
8.080000e+03 1.109659e-01
8.090000e+03 1.110315e-01
8.100000e+03 1.110969e-01
8.110000e+03 1.111622e-01
8.120000e+03 1.112273e-01
8.130000e+03 1.112922e-01
8.140000e+03 1.113571e-01
8.150000e+03 1.114217e-01
8.160000e+03 1.114863e-01
8.170000e+03 1.115507e-01
8.180000e+03 1.116151e-01
8.190000e+03 1.116793e-01
8.200000e+03 1.117434e-01
8.210000e+03 1.118074e-01
8.220000e+03 1.118714e-01
8.230000e+03 1.119352e-01
8.240000e+03 1.119991e-01
8.250000e+03 1.120635e-01
8.260000e+03 1.121683e-01
8.270000e+03 1.149630e-01
8.280000e+03 9.997788e-02
8.290000e+03 1.106656e-01
8.300000e+03 1.101668e-01
8.310000e+03 1.074230e-01
8.320000e+03 1.024802e-01
8.330000e+03 1.056434e-01
8.340000e+03 1.100029e-01
8.350000e+03 1.098843e-01
8.360000e+03 1.092677e-01
8.370000e+03 1.101208e-01
8.380000e+03 1.112844e-01
8.390000e+03 1.118763e-01
8.400000e+03 1.121755e-01
8.410000e+03 1.125224e-01
8.420000e+03 1.128955e-01
8.430000e+03 1.132249e-01
8.440000e+03 1.135159e-01
8.450000e+03 1.138002e-01
8.460000e+03 1.140837e-01
8.470000e+03 1.143610e-01
8.480000e+03 1.146313e-01
8.490000e+03 1.148948e-01
8.500000e+03 1.151519e-01
8.510000e+03 1.154032e-01
8.520000e+03 1.156486e-01
8.530000e+03 1.158875e-01
8.540000e+03 1.161198e-01
8.550000e+03 1.163455e-01
8.560000e+03 1.165646e-01
8.570000e+03 1.167772e-01
8.580000e+03 1.169832e-01
8.590000e+03 1.171828e-01
8.600000e+03 1.173761e-01
8.610000e+03 1.175631e-01
8.620000e+03 1.177443e-01
8.630000e+03 1.179196e-01
8.640000e+03 1.180890e-01
8.650000e+03 1.182528e-01
8.660000e+03 1.184111e-01
8.670000e+03 1.185643e-01
8.680000e+03 1.187124e-01
8.690000e+03 1.188557e-01
8.700000e+03 1.189943e-01
8.710000e+03 1.191284e-01
8.720000e+03 1.192582e-01
8.730000e+03 1.193838e-01
8.740000e+03 1.195054e-01
8.750000e+03 1.196232e-01
8.760000e+03 1.197372e-01
8.770000e+03 1.198478e-01
8.780000e+03 1.199549e-01
8.790000e+03 1.200588e-01
8.800000e+03 1.201596e-01
8.810000e+03 1.202573e-01
8.820000e+03 1.203522e-01
8.830000e+03 1.204444e-01
8.840000e+03 1.205339e-01
8.850000e+03 1.206209e-01
8.860000e+03 1.207054e-01
8.870000e+03 1.207877e-01
8.880000e+03 1.208676e-01
8.890000e+03 1.209455e-01
8.900000e+03 1.210213e-01
8.910000e+03 1.210951e-01
8.920000e+03 1.211670e-01
8.930000e+03 1.212371e-01
8.940000e+03 1.213055e-01
8.950000e+03 1.213721e-01
8.960000e+03 1.214371e-01
8.970000e+03 1.215006e-01
8.980000e+03 1.215625e-01
8.990000e+03 1.216230e-01
9.000000e+03 1.216821e-01
9.010000e+03 1.217399e-01
9.020000e+03 1.217963e-01
9.030000e+03 1.218514e-01
9.040000e+03 1.219054e-01
9.050000e+03 1.219581e-01
9.060000e+03 1.220097e-01
9.070000e+03 1.220602e-01
9.080000e+03 1.221095e-01
9.090000e+03 1.221579e-01
9.100000e+03 1.222052e-01
9.110000e+03 1.222515e-01
9.120000e+03 1.222968e-01
9.130000e+03 1.223412e-01
9.140000e+03 1.223847e-01
9.150000e+03 1.224272e-01
9.160000e+03 1.224689e-01
9.170000e+03 1.225097e-01
9.180000e+03 1.225497e-01
9.190000e+03 1.225888e-01
9.200000e+03 1.226272e-01
9.210000e+03 1.226647e-01
9.220000e+03 1.227015e-01
9.230000e+03 1.227376e-01
9.240000e+03 1.227728e-01
9.250000e+03 1.228074e-01
9.260000e+03 1.228412e-01
9.270000e+03 1.228744e-01
9.280000e+03 1.229068e-01
9.290000e+03 1.229386e-01
9.300000e+03 1.229697e-01
9.310000e+03 1.230001e-01
9.320000e+03 1.230299e-01
9.330000e+03 1.230591e-01
9.340000e+03 1.230876e-01
9.350000e+03 1.231155e-01
9.360000e+03 1.231429e-01
9.370000e+03 1.231696e-01
9.380000e+03 1.231957e-01
9.390000e+03 1.232213e-01
9.400000e+03 1.232463e-01
9.410000e+03 1.232708e-01
9.420000e+03 1.232947e-01
9.430000e+03 1.233181e-01
9.440000e+03 1.233409e-01
9.450000e+03 1.233633e-01
9.460000e+03 1.233851e-01
9.470000e+03 1.234064e-01
9.480000e+03 1.234273e-01
9.490000e+03 1.234476e-01
9.500000e+03 1.234675e-01
9.510000e+03 1.234869e-01
9.520000e+03 1.235059e-01
9.530000e+03 1.235244e-01
9.540000e+03 1.235425e-01
9.550000e+03 1.235602e-01
9.560000e+03 1.235774e-01
9.570000e+03 1.235943e-01
9.580000e+03 1.236107e-01
9.590000e+03 1.236268e-01
9.600000e+03 1.236425e-01
9.610000e+03 1.236578e-01
9.620000e+03 1.236727e-01
9.630000e+03 1.236873e-01
9.640000e+03 1.237016e-01
9.650000e+03 1.237155e-01
9.660000e+03 1.237291e-01
9.670000e+03 1.237424e-01
9.680000e+03 1.237554e-01
9.690000e+03 1.237681e-01
9.700000e+03 1.237806e-01
9.710000e+03 1.237927e-01
9.720000e+03 1.238046e-01
9.730000e+03 1.238162e-01
9.740000e+03 1.238276e-01
9.750000e+03 1.238388e-01
9.760000e+03 1.238497e-01
9.770000e+03 1.238604e-01
9.780000e+03 1.238710e-01
9.790000e+03 1.238813e-01
9.800000e+03 1.238914e-01
9.810000e+03 1.239014e-01
9.820000e+03 1.239112e-01
9.830000e+03 1.239208e-01
9.840000e+03 1.239303e-01
9.850000e+03 1.239397e-01
9.860000e+03 1.239489e-01
9.870000e+03 1.239581e-01
9.880000e+03 1.239671e-01
9.890000e+03 1.239760e-01
9.900000e+03 1.239849e-01
9.910000e+03 1.239936e-01
9.920000e+03 1.240023e-01
9.930000e+03 1.240110e-01
9.940000e+03 1.240196e-01
9.950000e+03 1.240281e-01
9.960000e+03 1.240367e-01
9.970000e+03 1.240452e-01
9.980000e+03 1.240537e-01
9.990000e+03 1.240622e-01
1.000000e+04 1.240707e-01
