1.000000e+01 1.251405e+00
2.000000e+01 8.363044e-01
3.000000e+01 4.220627e-01
4.000000e+01 4.820010e-01
5.000000e+01 4.797413e-01
6.000000e+01 3.598168e-01
7.000000e+01 3.598216e-01
8.000000e+01 3.766797e-01
9.000000e+01 3.492849e-01
1.000000e+02 3.471338e-01
1.100000e+02 3.470165e-01
1.200000e+02 3.378760e-01
1.300000e+02 3.338797e-01
1.400000e+02 3.310147e-01
1.500000e+02 3.272649e-01
1.600000e+02 3.244694e-01
1.700000e+02 3.219707e-01
1.800000e+02 3.195125e-01
1.900000e+02 3.176017e-01
2.000000e+02 3.156913e-01
2.100000e+02 3.139862e-01
2.200000e+02 3.124094e-01
2.300000e+02 3.105389e-01
2.400000e+02 3.077591e-01
2.500000e+02 3.053265e-01
2.600000e+02 3.025375e-01
2.700000e+02 2.997201e-01
2.800000e+02 2.966631e-01
2.900000e+02 2.934579e-01
3.000000e+02 2.900434e-01
3.100000e+02 2.864201e-01
3.200000e+02 2.825627e-01
3.300000e+02 2.784727e-01
3.400000e+02 2.741361e-01
3.500000e+02 2.695593e-01
3.600000e+02 2.647460e-01
3.700000e+02 2.597121e-01
3.800000e+02 2.544791e-01
3.900000e+02 2.490775e-01
4.000000e+02 2.435461e-01
4.100000e+02 2.379307e-01
4.200000e+02 2.322844e-01
4.300000e+02 2.266649e-01
4.400000e+02 2.211324e-01
4.500000e+02 2.157480e-01
4.600000e+02 2.105700e-01
4.700000e+02 2.056522e-01
4.800000e+02 2.010416e-01
4.900000e+02 1.967767e-01
5.000000e+02 1.928885e-01
5.100000e+02 1.893991e-01
5.200000e+02 1.863231e-01
5.300000e+02 1.836676e-01
5.400000e+02 1.814328e-01
5.500000e+02 1.796123e-01
5.600000e+02 1.782557e-01
5.700000e+02 1.773682e-01
5.800000e+02 1.769467e-01
5.900000e+02 1.769313e-01
6.000000e+02 1.772477e-01
6.100000e+02 1.778237e-01
6.200000e+02 1.785935e-01
6.300000e+02 1.795000e-01
6.400000e+02 1.804947e-01
6.500000e+02 1.815384e-01
6.600000e+02 1.825994e-01
6.700000e+02 1.836520e-01
6.800000e+02 1.846749e-01
6.900000e+02 1.856499e-01
7.000000e+02 1.865611e-01
7.100000e+02 1.873944e-01
7.200000e+02 1.881370e-01
7.300000e+02 1.887776e-01
7.400000e+02 1.893061e-01
7.500000e+02 1.897133e-01
7.600000e+02 1.899913e-01
7.700000e+02 1.901331e-01
7.800000e+02 1.901328e-01
7.900000e+02 1.899851e-01
8.000000e+02 1.896852e-01
8.100000e+02 1.892293e-01
8.200000e+02 1.886139e-01
8.300000e+02 1.878361e-01
8.400000e+02 1.868934e-01
8.500000e+02 1.857845e-01
8.600000e+02 1.845085e-01
8.700000e+02 1.830660e-01
8.800000e+02 1.814589e-01
8.900000e+02 1.796907e-01
9.000000e+02 1.777669e-01
9.100000e+02 1.756953e-01
9.200000e+02 1.734857e-01
9.300000e+02 1.711501e-01
9.400000e+02 1.687029e-01
9.500000e+02 1.661599e-01
9.600000e+02 1.635388e-01
9.700000e+02 1.608582e-01
9.800000e+02 1.581371e-01
9.900000e+02 1.553948e-01
1.000000e+03 1.526503e-01
1.010000e+03 1.499215e-01
1.020000e+03 1.472254e-01
1.030000e+03 1.445775e-01
1.040000e+03 1.419916e-01
1.050000e+03 1.394799e-01
1.060000e+03 1.370525e-01
1.070000e+03 1.347176e-01
1.080000e+03 1.324819e-01
1.090000e+03 1.303499e-01
1.100000e+03 1.283245e-01
1.110000e+03 1.264071e-01
1.120000e+03 1.245977e-01
1.130000e+03 1.228948e-01
1.140000e+03 1.212958e-01
1.150000e+03 1.196980e-01
1.160000e+03 1.180803e-01
1.170000e+03 1.165101e-01
1.180000e+03 1.150081e-01
1.190000e+03 1.135906e-01
1.200000e+03 1.122673e-01
1.210000e+03 1.110245e-01
1.220000e+03 1.098504e-01
1.230000e+03 1.087353e-01
1.240000e+03 1.076729e-01
1.250000e+03 1.066591e-01
1.260000e+03 1.056892e-01
1.270000e+03 1.047593e-01
1.280000e+03 1.038650e-01
1.290000e+03 1.030025e-01
1.300000e+03 1.021679e-01
1.310000e+03 1.013582e-01
1.320000e+03 1.005702e-01
1.330000e+03 9.980152e-02
1.340000e+03 9.904965e-02
1.350000e+03 9.831253e-02
1.360000e+03 9.758829e-02
1.370000e+03 9.687523e-02
1.380000e+03 9.617187e-02
1.390000e+03 9.547686e-02
1.400000e+03 9.478902e-02
1.410000e+03 9.410729e-02
1.420000e+03 9.343072e-02
1.430000e+03 9.275846e-02
1.440000e+03 9.208979e-02
1.450000e+03 9.142406e-02
1.460000e+03 9.076071e-02
1.470000e+03 9.009927e-02
1.480000e+03 8.943936e-02
1.490000e+03 8.878069e-02
1.500000e+03 8.812305e-02
1.510000e+03 8.746633e-02
1.520000e+03 8.681052e-02
1.530000e+03 8.615569e-02
1.540000e+03 8.550203e-02
1.550000e+03 8.484982e-02
1.560000e+03 8.419947e-02
1.570000e+03 8.355146e-02
1.580000e+03 8.290639e-02
1.590000e+03 8.226497e-02
1.600000e+03 8.162797e-02
1.610000e+03 8.099627e-02
1.620000e+03 8.037081e-02
1.630000e+03 7.975256e-02
1.640000e+03 7.914255e-02
1.650000e+03 7.854181e-02
1.660000e+03 7.795133e-02
1.670000e+03 7.737211e-02
1.680000e+03 7.680502e-02
1.690000e+03 7.625087e-02
1.700000e+03 7.571035e-02
1.710000e+03 7.518397e-02
1.720000e+03 7.467209e-02
1.730000e+03 7.417490e-02
1.740000e+03 7.369236e-02
1.750000e+03 7.322426e-02
1.760000e+03 7.277016e-02
1.770000e+03 7.232946e-02
1.780000e+03 7.190136e-02
1.790000e+03 7.148489e-02
1.800000e+03 7.107899e-02
1.810000e+03 7.068244e-02
1.820000e+03 7.029398e-02
1.830000e+03 6.991229e-02
1.840000e+03 6.953596e-02
1.850000e+03 6.913969e-02
1.860000e+03 6.308249e-02
1.870000e+03 6.343244e-02
1.880000e+03 7.324965e-02
1.890000e+03 6.550409e-02
1.900000e+03 6.923923e-02
1.910000e+03 6.623477e-02
1.920000e+03 6.742453e-02
1.930000e+03 6.654811e-02
1.940000e+03 6.605488e-02
1.950000e+03 6.598236e-02
1.960000e+03 6.567736e-02
1.970000e+03 6.528846e-02
1.980000e+03 6.491991e-02
1.990000e+03 6.456734e-02
2.000000e+03 6.421557e-02
2.010000e+03 6.385535e-02
2.020000e+03 6.348690e-02
2.030000e+03 6.312710e-02
2.040000e+03 6.276265e-02
2.050000e+03 6.239685e-02
2.060000e+03 6.202765e-02
2.070000e+03 6.166800e-02
2.080000e+03 6.158890e-02
2.090000e+03 7.923491e-02
2.100000e+03 7.366762e-02
2.110000e+03 5.933205e-02
2.120000e+03 5.849615e-02
2.130000e+03 6.199481e-02
2.140000e+03 5.795999e-02
2.150000e+03 5.937868e-02
2.160000e+03 5.918545e-02
2.170000e+03 5.823559e-02
2.180000e+03 5.788422e-02
2.190000e+03 5.768181e-02
2.200000e+03 5.740974e-02
2.210000e+03 5.708909e-02
2.220000e+03 5.675384e-02
2.230000e+03 5.642220e-02
2.240000e+03 5.610506e-02
2.250000e+03 5.579406e-02
2.260000e+03 5.546704e-02
2.270000e+03 5.514963e-02
2.280000e+03 5.483251e-02
2.290000e+03 5.452233e-02
2.300000e+03 5.421617e-02
2.310000e+03 5.394499e-02
2.320000e+03 5.449462e-02
2.330000e+03 9.301239e-02
2.340000e+03 6.249202e-02
2.350000e+03 4.901669e-02
2.360000e+03 5.728584e-02
2.370000e+03 5.033156e-02
2.380000e+03 5.388795e-02
2.390000e+03 5.119568e-02
2.400000e+03 5.198820e-02
2.410000e+03 5.167069e-02
2.420000e+03 5.109662e-02
2.430000e+03 5.106062e-02
2.440000e+03 5.089428e-02
2.450000e+03 5.061769e-02
2.460000e+03 5.036570e-02
2.470000e+03 5.014305e-02
2.480000e+03 4.993003e-02
2.490000e+03 4.971971e-02
2.500000e+03 4.951204e-02
2.510000e+03 4.930760e-02
2.520000e+03 4.910606e-02
2.530000e+03 4.890650e-02
2.540000e+03 4.871004e-02
2.550000e+03 4.851874e-02
2.560000e+03 4.833043e-02
2.570000e+03 4.814614e-02
2.580000e+03 4.796517e-02
2.590000e+03 4.778791e-02
2.600000e+03 4.761368e-02
2.610000e+03 4.743481e-02
2.620000e+03 4.706190e-02
2.630000e+03 4.623510e-02
2.640000e+03 5.230737e-02
2.650000e+03 4.471703e-02
2.660000e+03 4.685280e-02
2.670000e+03 4.809840e-02
2.680000e+03 4.548817e-02
2.690000e+03 4.746977e-02
2.700000e+03 4.581138e-02
2.710000e+03 4.655889e-02
2.720000e+03 4.592776e-02
2.730000e+03 4.602841e-02
2.740000e+03 4.585631e-02
2.750000e+03 4.568791e-02
2.760000e+03 4.562795e-02
2.770000e+03 4.548463e-02
2.780000e+03 4.535651e-02
2.790000e+03 4.524947e-02
2.800000e+03 4.513778e-02
2.810000e+03 4.502282e-02
2.820000e+03 4.490971e-02
2.830000e+03 4.479916e-02
2.840000e+03 4.469055e-02
2.850000e+03 4.458350e-02
2.860000e+03 4.447788e-02
2.870000e+03 4.437366e-02
2.880000e+03 4.427079e-02
2.890000e+03 4.416922e-02
2.900000e+03 4.406896e-02
2.910000e+03 4.397004e-02
2.920000e+03 4.387241e-02
2.930000e+03 4.377598e-02
2.940000e+03 4.368078e-02
2.950000e+03 4.358676e-02
2.960000e+03 4.349388e-02
2.970000e+03 4.340213e-02
2.980000e+03 4.331147e-02
2.990000e+03 4.322185e-02
3.000000e+03 4.313274e-02
3.010000e+03 4.302903e-02
3.020000e+03 4.231633e-02
3.030000e+03 8.053366e-02
3.040000e+03 6.819054e-02
3.050000e+03 4.164191e-02
3.060000e+03 4.148266e-02
3.070000e+03 4.524960e-02
3.080000e+03 4.300015e-02
3.090000e+03 4.195257e-02
3.100000e+03 4.279705e-02
3.110000e+03 4.254618e-02
3.120000e+03 4.223676e-02
3.130000e+03 4.239577e-02
3.140000e+03 4.219670e-02
3.150000e+03 4.216832e-02
3.160000e+03 4.208335e-02
3.170000e+03 4.201097e-02
3.180000e+03 4.193890e-02
3.190000e+03 4.186791e-02
3.200000e+03 4.179417e-02
3.210000e+03 4.172568e-02
3.220000e+03 4.165292e-02
3.230000e+03 4.158368e-02
3.240000e+03 4.151368e-02
3.250000e+03 4.144372e-02
3.260000e+03 4.137455e-02
3.270000e+03 4.130553e-02
3.280000e+03 4.123660e-02
3.290000e+03 4.116790e-02
3.300000e+03 4.109939e-02
3.310000e+03 4.103101e-02
3.320000e+03 4.096272e-02
3.330000e+03 4.089449e-02
3.340000e+03 4.082630e-02
3.350000e+03 4.075811e-02
3.360000e+03 4.068991e-02
3.370000e+03 4.062165e-02
3.380000e+03 4.055333e-02
3.390000e+03 4.048491e-02
3.400000e+03 4.041638e-02
3.410000e+03 4.034772e-02
3.420000e+03 4.027891e-02
3.430000e+03 4.020993e-02
3.440000e+03 4.014078e-02
3.450000e+03 4.007145e-02
3.460000e+03 4.000192e-02
3.470000e+03 3.993221e-02
3.480000e+03 3.986230e-02
3.490000e+03 3.979220e-02
3.500000e+03 3.972191e-02
3.510000e+03 3.965145e-02
3.520000e+03 3.958081e-02
3.530000e+03 3.950937e-02
3.540000e+03 3.940725e-02
3.550000e+03 3.859766e-02
3.560000e+03 8.389215e-02
3.570000e+03 5.089241e-02
3.580000e+03 3.853605e-02
3.590000e+03 4.308103e-02
3.600000e+03 4.131987e-02
3.610000e+03 3.891030e-02
3.620000e+03 3.864652e-02
3.630000e+03 3.908074e-02
3.640000e+03 3.922709e-02
3.650000e+03 3.892535e-02
3.660000e+03 3.880786e-02
3.670000e+03 3.883859e-02
3.680000e+03 3.876176e-02
3.690000e+03 3.867049e-02
3.700000e+03 3.862726e-02
3.710000e+03 3.855740e-02
3.720000e+03 3.849075e-02
3.730000e+03 3.843035e-02
3.740000e+03 3.836392e-02
3.750000e+03 3.830353e-02
3.760000e+03 3.824047e-02
3.770000e+03 3.817891e-02
3.780000e+03 3.811675e-02
3.790000e+03 3.805478e-02
3.800000e+03 3.799254e-02
3.810000e+03 3.793031e-02
3.820000e+03 3.786788e-02
3.830000e+03 3.780557e-02
3.840000e+03 3.774325e-02
3.850000e+03 3.768104e-02
3.860000e+03 3.761896e-02
3.870000e+03 3.755705e-02
3.880000e+03 3.749537e-02
3.890000e+03 3.743396e-02
3.900000e+03 3.737287e-02
3.910000e+03 3.731215e-02
3.920000e+03 3.725184e-02
3.930000e+03 3.719198e-02
3.940000e+03 3.713261e-02
3.950000e+03 3.707373e-02
3.960000e+03 3.701539e-02
3.970000e+03 3.695758e-02
3.980000e+03 3.690033e-02
3.990000e+03 3.684366e-02
4.000000e+03 3.678759e-02
4.010000e+03 3.673217e-02
4.020000e+03 3.667744e-02
4.030000e+03 3.662344e-02
4.040000e+03 3.657023e-02
4.050000e+03 3.651786e-02
4.060000e+03 3.646636e-02
4.070000e+03 3.641578e-02
4.080000e+03 3.636612e-02
4.090000e+03 3.631739e-02
4.100000e+03 3.626958e-02
4.110000e+03 3.622268e-02
4.120000e+03 3.617667e-02
4.130000e+03 3.613154e-02
4.140000e+03 3.608726e-02
4.150000e+03 3.604386e-02
4.160000e+03 3.600132e-02
4.170000e+03 3.595968e-02
4.180000e+03 3.591897e-02
4.190000e+03 3.587923e-02
4.200000e+03 3.584048e-02
4.210000e+03 3.580276e-02
4.220000e+03 3.576610e-02
4.230000e+03 3.573049e-02
4.240000e+03 3.569593e-02
4.250000e+03 3.566239e-02
4.260000e+03 3.562981e-02
4.270000e+03 3.559815e-02
4.280000e+03 3.556733e-02
4.290000e+03 3.553729e-02
4.300000e+03 3.550794e-02
4.310000e+03 3.547936e-02
4.320000e+03 3.545617e-02
4.330000e+03 3.571685e-02
4.340000e+03 1.134915e-01
4.350000e+03 9.377453e-02
4.360000e+03 7.418477e-02
4.370000e+03 4.396264e-02
4.380000e+03 4.444191e-02
4.390000e+03 3.495703e-02
4.400000e+03 3.731958e-02
4.410000e+03 3.462652e-02
4.420000e+03 3.582350e-02
4.430000e+03 3.499626e-02
4.440000e+03 3.540536e-02
4.450000e+03 3.517711e-02
4.460000e+03 3.527630e-02
4.470000e+03 3.524105e-02
4.480000e+03 3.523378e-02
4.490000e+03 3.524777e-02
4.500000e+03 3.522711e-02
4.510000e+03 3.523324e-02
4.520000e+03 3.522446e-02
4.530000e+03 3.522043e-02
4.540000e+03 3.521823e-02
4.550000e+03 3.521367e-02
4.560000e+03 3.521128e-02
4.570000e+03 3.520887e-02
4.580000e+03 3.520651e-02
4.590000e+03 3.520484e-02
4.600000e+03 3.520345e-02
4.610000e+03 3.520230e-02
4.620000e+03 3.520151e-02
4.630000e+03 3.520099e-02
4.640000e+03 3.520071e-02
4.650000e+03 3.520064e-02
4.660000e+03 3.520077e-02
4.670000e+03 3.520107e-02
4.680000e+03 3.520151e-02
4.690000e+03 3.520206e-02
4.700000e+03 3.520271e-02
4.710000e+03 3.520341e-02
4.720000e+03 3.520417e-02
4.730000e+03 3.520496e-02
4.740000e+03 3.520576e-02
4.750000e+03 3.520656e-02
4.760000e+03 3.520735e-02
4.770000e+03 3.520811e-02
4.780000e+03 3.520884e-02
4.790000e+03 3.520955e-02
4.800000e+03 3.521023e-02
4.810000e+03 3.521088e-02
4.820000e+03 3.521152e-02
4.830000e+03 3.521216e-02
4.840000e+03 3.521280e-02
4.850000e+03 3.521347e-02
4.860000e+03 3.521417e-02
4.870000e+03 3.521492e-02
4.880000e+03 3.521572e-02
4.890000e+03 3.521659e-02
4.900000e+03 3.521752e-02
4.910000e+03 3.521849e-02
4.920000e+03 3.521951e-02
4.930000e+03 3.522052e-02
4.940000e+03 3.522150e-02
4.950000e+03 3.522239e-02
4.960000e+03 3.522314e-02
4.970000e+03 3.522369e-02
4.980000e+03 3.522397e-02
4.990000e+03 3.522394e-02
5.000000e+03 3.522352e-02
5.010000e+03 3.522268e-02
5.020000e+03 3.522139e-02
5.030000e+03 3.521961e-02
5.040000e+03 3.521733e-02
5.050000e+03 3.521454e-02
5.060000e+03 3.521125e-02
5.070000e+03 3.520746e-02
5.080000e+03 3.520317e-02
5.090000e+03 3.519841e-02
5.100000e+03 3.519318e-02
5.110000e+03 3.518750e-02
5.120000e+03 3.518137e-02
5.130000e+03 3.517481e-02
5.140000e+03 3.516783e-02
5.150000e+03 3.516042e-02
5.160000e+03 3.515260e-02
5.170000e+03 3.514438e-02
5.180000e+03 3.513576e-02
5.190000e+03 3.512674e-02
5.200000e+03 3.511734e-02
5.210000e+03 3.510756e-02
5.220000e+03 3.509742e-02
5.230000e+03 3.508693e-02
5.240000e+03 3.507610e-02
5.250000e+03 3.506495e-02
5.260000e+03 3.505350e-02
5.270000e+03 3.504174e-02
5.280000e+03 3.502970e-02
5.290000e+03 3.501738e-02
5.300000e+03 3.500477e-02
5.310000e+03 3.499186e-02
5.320000e+03 3.497866e-02
5.330000e+03 3.496512e-02
5.340000e+03 3.495123e-02
5.350000e+03 3.493695e-02
5.360000e+03 3.492224e-02
5.370000e+03 3.490707e-02
5.380000e+03 3.489140e-02
5.390000e+03 3.487520e-02
5.400000e+03 3.485842e-02
5.410000e+03 3.484106e-02
5.420000e+03 3.482308e-02
5.430000e+03 3.480447e-02
5.440000e+03 3.478524e-02
5.450000e+03 3.476537e-02
5.460000e+03 3.474486e-02
5.470000e+03 3.472374e-02
5.480000e+03 3.470200e-02
5.490000e+03 3.467966e-02
5.500000e+03 3.465674e-02
5.510000e+03 3.463324e-02
5.520000e+03 3.460919e-02
5.530000e+03 3.458460e-02
5.540000e+03 3.455949e-02
5.550000e+03 3.453386e-02
5.560000e+03 3.450775e-02
5.570000e+03 3.448115e-02
5.580000e+03 3.445410e-02
5.590000e+03 3.442659e-02
5.600000e+03 3.439866e-02
5.610000e+03 3.437030e-02
5.620000e+03 3.434153e-02
5.630000e+03 3.431238e-02
5.640000e+03 3.428284e-02
5.650000e+03 3.425293e-02
5.660000e+03 3.422266e-02
5.670000e+03 3.419205e-02
5.680000e+03 3.416109e-02
5.690000e+03 3.412980e-02
5.700000e+03 3.409818e-02
5.710000e+03 3.406606e-02
5.720000e+03 3.402354e-02
5.730000e+03 3.357909e-02
5.740000e+03 3.817285e-01
5.750000e+03 2.856925e-01
5.760000e+03 1.051117e-01
5.770000e+03 1.094081e-01
5.780000e+03 6.342093e-02
5.790000e+03 7.291310e-02
5.800000e+03 5.578051e-02
5.810000e+03 5.834765e-02
5.820000e+03 5.008318e-02
5.830000e+03 4.980337e-02
5.840000e+03 4.566504e-02
5.850000e+03 4.474613e-02
5.860000e+03 4.268879e-02
5.870000e+03 4.175797e-02
5.880000e+03 4.055896e-02
5.890000e+03 3.981265e-02
5.900000e+03 3.904856e-02
5.910000e+03 3.845912e-02
5.920000e+03 3.792513e-02
5.930000e+03 3.746667e-02
5.940000e+03 3.706211e-02
5.950000e+03 3.670097e-02
5.960000e+03 3.638218e-02
5.970000e+03 3.609298e-02
5.980000e+03 3.583411e-02
5.990000e+03 3.559820e-02
6.000000e+03 3.538388e-02
6.010000e+03 3.518773e-02
6.020000e+03 3.500766e-02
6.030000e+03 3.484179e-02
6.040000e+03 3.468833e-02
6.050000e+03 3.454597e-02
6.060000e+03 3.441340e-02
6.070000e+03 3.428959e-02
6.080000e+03 3.417358e-02
6.090000e+03 3.406455e-02
6.100000e+03 3.396180e-02
6.110000e+03 3.386468e-02
6.120000e+03 3.377264e-02
6.130000e+03 3.368519e-02
6.140000e+03 3.360189e-02
6.150000e+03 3.352235e-02
6.160000e+03 3.344623e-02
6.170000e+03 3.337326e-02
6.180000e+03 3.330317e-02
6.190000e+03 3.323573e-02
6.200000e+03 3.317070e-02
6.210000e+03 3.310790e-02
6.220000e+03 3.304714e-02
6.230000e+03 3.298829e-02
6.240000e+03 3.293119e-02
6.250000e+03 3.287574e-02
6.260000e+03 3.282182e-02
6.270000e+03 3.276933e-02
6.280000e+03 3.271818e-02
6.290000e+03 3.266830e-02
6.300000e+03 3.261961e-02
6.310000e+03 3.257205e-02
6.320000e+03 3.252555e-02
6.330000e+03 3.248006e-02
6.340000e+03 3.243554e-02
6.350000e+03 3.239194e-02
6.360000e+03 3.234922e-02
6.370000e+03 3.230733e-02
6.380000e+03 3.226626e-02
6.390000e+03 3.222595e-02
6.400000e+03 3.218640e-02
6.410000e+03 3.214756e-02
6.420000e+03 3.210941e-02
6.430000e+03 3.207194e-02
6.440000e+03 3.203511e-02
6.450000e+03 3.199891e-02
6.460000e+03 3.196332e-02
6.470000e+03 3.192832e-02
6.480000e+03 3.189390e-02
6.490000e+03 3.186003e-02
6.500000e+03 3.182671e-02
6.510000e+03 3.179393e-02
6.520000e+03 3.176166e-02
6.530000e+03 3.172989e-02
6.540000e+03 3.169862e-02
6.550000e+03 3.166784e-02
6.560000e+03 3.163752e-02
6.570000e+03 3.160767e-02
6.580000e+03 3.157827e-02
6.590000e+03 3.154931e-02
6.600000e+03 3.152079e-02
6.610000e+03 3.149270e-02
6.620000e+03 3.146503e-02
6.630000e+03 3.143776e-02
6.640000e+03 3.141090e-02
6.650000e+03 3.138444e-02
6.660000e+03 3.135836e-02
6.670000e+03 3.133267e-02
6.680000e+03 3.130735e-02
6.690000e+03 3.128240e-02
6.700000e+03 3.125782e-02
6.710000e+03 3.123360e-02
6.720000e+03 3.120973e-02
6.730000e+03 3.118620e-02
6.740000e+03 3.116302e-02
6.750000e+03 3.114017e-02
6.760000e+03 3.111765e-02
6.770000e+03 3.109546e-02
6.780000e+03 3.107359e-02
6.790000e+03 3.105203e-02
6.800000e+03 3.103079e-02
6.810000e+03 3.100985e-02
6.820000e+03 3.098922e-02
6.830000e+03 3.096888e-02
6.840000e+03 3.094884e-02
6.850000e+03 3.092909e-02
6.860000e+03 3.090962e-02
6.870000e+03 3.089043e-02
6.880000e+03 3.087152e-02
6.890000e+03 3.085288e-02
6.900000e+03 3.083452e-02
6.910000e+03 3.081642e-02
6.920000e+03 3.079858e-02
6.930000e+03 3.078099e-02
6.940000e+03 3.076366e-02
6.950000e+03 3.074659e-02
6.960000e+03 3.072975e-02
6.970000e+03 3.071316e-02
6.980000e+03 3.069681e-02
6.990000e+03 3.068069e-02
7.000000e+03 3.066480e-02
7.010000e+03 3.064914e-02
7.020000e+03 3.063371e-02
7.030000e+03 3.061849e-02
7.040000e+03 3.060350e-02
7.050000e+03 3.058871e-02
7.060000e+03 3.057414e-02
7.070000e+03 3.055977e-02
7.080000e+03 3.054561e-02
7.090000e+03 3.053164e-02
7.100000e+03 3.051787e-02
7.110000e+03 3.050430e-02
7.120000e+03 3.049091e-02
7.130000e+03 3.047772e-02
7.140000e+03 3.046470e-02
7.150000e+03 3.045187e-02
7.160000e+03 3.043921e-02
7.170000e+03 3.042672e-02
7.180000e+03 3.041441e-02
7.190000e+03 3.040226e-02
7.200000e+03 3.039028e-02
7.210000e+03 3.037846e-02
7.220000e+03 3.036680e-02
7.230000e+03 3.035529e-02
7.240000e+03 3.034394e-02
7.250000e+03 3.033273e-02
7.260000e+03 3.032167e-02
7.270000e+03 3.031075e-02
7.280000e+03 3.029998e-02
7.290000e+03 3.028934e-02
7.300000e+03 3.027884e-02
7.310000e+03 3.026846e-02
7.320000e+03 3.025822e-02
7.330000e+03 3.024810e-02
7.340000e+03 3.023811e-02
7.350000e+03 3.022824e-02
7.360000e+03 3.021849e-02
7.370000e+03 3.020885e-02
7.380000e+03 3.019932e-02
7.390000e+03 3.018991e-02
7.400000e+03 3.018060e-02
7.410000e+03 3.017140e-02
7.420000e+03 3.016230e-02
7.430000e+03 3.015330e-02
7.440000e+03 3.014439e-02
7.450000e+03 3.013559e-02
7.460000e+03 3.012687e-02
7.470000e+03 3.011825e-02
7.480000e+03 3.010971e-02
7.490000e+03 3.010126e-02
7.500000e+03 3.009290e-02
7.510000e+03 3.008461e-02
7.520000e+03 3.007641e-02
7.530000e+03 3.006828e-02
7.540000e+03 3.006022e-02
7.550000e+03 3.005224e-02
7.560000e+03 3.004432e-02
7.570000e+03 3.003648e-02
7.580000e+03 3.002870e-02
7.590000e+03 3.002098e-02
7.600000e+03 3.001332e-02
7.610000e+03 3.000573e-02
7.620000e+03 2.999819e-02
7.630000e+03 2.999071e-02
7.640000e+03 2.998328e-02
7.650000e+03 2.997590e-02
7.660000e+03 2.996857e-02
7.670000e+03 2.996129e-02
7.680000e+03 2.995406e-02
7.690000e+03 2.994687e-02
7.700000e+03 2.993972e-02
7.710000e+03 2.993261e-02
7.720000e+03 2.992554e-02
7.730000e+03 2.991851e-02
7.740000e+03 2.991151e-02
7.750000e+03 2.990454e-02
7.760000e+03 2.989761e-02
7.770000e+03 2.989071e-02
7.780000e+03 2.988383e-02
7.790000e+03 2.987699e-02
7.800000e+03 2.987016e-02
7.810000e+03 2.986336e-02
7.820000e+03 2.985659e-02
7.830000e+03 2.984983e-02
7.840000e+03 2.984309e-02
7.850000e+03 2.983637e-02
7.860000e+03 2.982967e-02
7.870000e+03 2.982297e-02
7.880000e+03 2.981630e-02
7.890000e+03 2.980963e-02
7.900000e+03 2.980298e-02
7.910000e+03 2.979633e-02
7.920000e+03 2.978969e-02
7.930000e+03 2.978306e-02
7.940000e+03 2.977643e-02
7.950000e+03 2.976981e-02
7.960000e+03 2.976319e-02
7.970000e+03 2.975657e-02
7.980000e+03 2.974995e-02
7.990000e+03 2.974333e-02
8.000000e+03 2.973670e-02
8.010000e+03 2.973008e-02
8.020000e+03 2.972345e-02
8.030000e+03 2.971681e-02
8.040000e+03 2.971017e-02
8.050000e+03 2.970351e-02
8.060000e+03 2.969675e-02
8.070000e+03 2.968605e-02
8.080000e+03 2.969371e-02
8.090000e+03 3.078936e-02
8.100000e+03 2.972912e-02
8.110000e+03 2.973035e-02
8.120000e+03 2.965565e-02
8.130000e+03 2.960264e-02
8.140000e+03 2.966025e-02
8.150000e+03 2.960364e-02
8.160000e+03 2.960935e-02
8.170000e+03 2.960826e-02
8.180000e+03 2.959287e-02
8.190000e+03 2.958872e-02
8.200000e+03 2.958392e-02
8.210000e+03 2.957590e-02
8.220000e+03 2.956873e-02
8.230000e+03 2.956240e-02
8.240000e+03 2.955583e-02
8.250000e+03 2.954899e-02
8.260000e+03 2.954213e-02
8.270000e+03 2.953533e-02
8.280000e+03 2.952855e-02
8.290000e+03 2.952176e-02
8.300000e+03 2.951495e-02
8.310000e+03 2.950812e-02
8.320000e+03 2.950127e-02
8.330000e+03 2.949440e-02
8.340000e+03 2.948751e-02
8.350000e+03 2.948061e-02
8.360000e+03 2.947367e-02
8.370000e+03 2.946672e-02
8.380000e+03 2.945973e-02
8.390000e+03 2.945273e-02
8.400000e+03 2.944569e-02
8.410000e+03 2.943863e-02
8.420000e+03 2.943154e-02
8.430000e+03 2.942441e-02
8.440000e+03 2.941726e-02
8.450000e+03 2.941008e-02
8.460000e+03 2.940287e-02
8.470000e+03 2.939562e-02
8.480000e+03 2.938834e-02
8.490000e+03 2.938103e-02
8.500000e+03 2.937369e-02
8.510000e+03 2.936631e-02
8.520000e+03 2.935890e-02
8.530000e+03 2.935145e-02
8.540000e+03 2.934397e-02
8.550000e+03 2.933645e-02
8.560000e+03 2.932890e-02
8.570000e+03 2.932131e-02
8.580000e+03 2.931368e-02
8.590000e+03 2.930602e-02
8.600000e+03 2.929845e-02
8.610000e+03 2.929492e-02
8.620000e+03 2.970170e-02
8.630000e+03 3.033741e-02
8.640000e+03 2.946107e-02
8.650000e+03 2.950364e-02
8.660000e+03 2.919935e-02
8.670000e+03 2.922923e-02
8.680000e+03 2.923478e-02
8.690000e+03 2.918165e-02
8.700000e+03 2.918532e-02
8.710000e+03 2.919003e-02
8.720000e+03 2.917710e-02
8.730000e+03 2.916541e-02
8.740000e+03 2.915805e-02
8.750000e+03 2.915105e-02
8.760000e+03 2.914332e-02
8.770000e+03 2.913549e-02
8.780000e+03 2.912757e-02
8.790000e+03 2.911955e-02
8.800000e+03 2.911169e-02
8.810000e+03 2.910387e-02
8.820000e+03 2.909595e-02
8.830000e+03 2.908804e-02
8.840000e+03 2.908008e-02
8.850000e+03 2.907209e-02
8.860000e+03 2.906406e-02
8.870000e+03 2.905599e-02
8.880000e+03 2.904789e-02
8.890000e+03 2.903975e-02
8.900000e+03 2.903157e-02
8.910000e+03 2.902336e-02
8.920000e+03 2.901518e-02
8.930000e+03 2.900774e-02
8.940000e+03 2.901274e-02
8.950000e+03 2.934838e-02
8.960000e+03 8.440660e-02
8.970000e+03 1.258864e-01
8.980000e+03 7.607676e-02
8.990000e+03 6.580541e-02
9.000000e+03 6.150673e-02
9.010000e+03 5.649889e-02
9.020000e+03 5.443152e-02
9.030000e+03 5.302240e-02
9.040000e+03 5.189673e-02
9.050000e+03 5.084793e-02
9.060000e+03 4.960842e-02
9.070000e+03 4.845547e-02
9.080000e+03 4.729998e-02
9.090000e+03 4.625566e-02
9.100000e+03 4.532958e-02
9.110000e+03 4.447462e-02
9.120000e+03 4.369710e-02
9.130000e+03 4.297406e-02
9.140000e+03 4.230806e-02
9.150000e+03 4.168562e-02
9.160000e+03 4.110307e-02
9.170000e+03 4.055605e-02
9.180000e+03 4.004056e-02
9.190000e+03 3.955432e-02
9.200000e+03 3.909465e-02
9.210000e+03 3.866000e-02
9.220000e+03 3.824842e-02
9.230000e+03 3.785859e-02
9.240000e+03 3.748915e-02
9.250000e+03 3.713895e-02
9.260000e+03 3.680692e-02
9.270000e+03 3.649209e-02
9.280000e+03 3.619356e-02
9.290000e+03 3.591047e-02
9.300000e+03 3.564206e-02
9.310000e+03 3.538755e-02
9.320000e+03 3.514626e-02
9.330000e+03 3.491750e-02
9.340000e+03 3.470064e-02
9.350000e+03 3.449505e-02
9.360000e+03 3.430015e-02
9.370000e+03 3.411537e-02
9.380000e+03 3.394017e-02
9.390000e+03 3.377404e-02
9.400000e+03 3.361648e-02
9.410000e+03 3.346701e-02
9.420000e+03 3.332519e-02
9.430000e+03 3.319057e-02
9.440000e+03 3.306275e-02
9.450000e+03 3.294131e-02
9.460000e+03 3.282590e-02
9.470000e+03 3.271614e-02
9.480000e+03 3.261170e-02
9.490000e+03 3.251226e-02
9.500000e+03 3.241750e-02
9.510000e+03 3.232715e-02
9.520000e+03 3.224093e-02
9.530000e+03 3.215858e-02
9.540000e+03 3.207985e-02
9.550000e+03 3.200452e-02
9.560000e+03 3.193237e-02
9.570000e+03 3.186321e-02
9.580000e+03 3.179683e-02
9.590000e+03 3.173307e-02
9.600000e+03 3.167175e-02
9.610000e+03 3.161272e-02
9.620000e+03 3.155583e-02
9.630000e+03 3.150096e-02
9.640000e+03 3.144796e-02
9.650000e+03 3.139672e-02
9.660000e+03 3.134713e-02
9.670000e+03 3.129909e-02
9.680000e+03 3.125250e-02
9.690000e+03 3.120727e-02
9.700000e+03 3.116332e-02
9.710000e+03 3.112057e-02
9.720000e+03 3.107895e-02
9.730000e+03 3.103839e-02
9.740000e+03 3.099883e-02
9.750000e+03 3.096022e-02
9.760000e+03 3.092250e-02
9.770000e+03 3.088562e-02
9.780000e+03 3.084953e-02
9.790000e+03 3.081420e-02
9.800000e+03 3.077957e-02
9.810000e+03 3.074563e-02
9.820000e+03 3.071232e-02
9.830000e+03 3.067963e-02
9.840000e+03 3.064752e-02
9.850000e+03 3.061596e-02
9.860000e+03 3.058493e-02
9.870000e+03 3.055440e-02
9.880000e+03 3.052436e-02
9.890000e+03 3.049479e-02
9.900000e+03 3.046565e-02
9.910000e+03 3.043695e-02
9.920000e+03 3.040865e-02
9.930000e+03 3.038075e-02
9.940000e+03 3.035323e-02
9.950000e+03 3.032608e-02
9.960000e+03 3.029928e-02
9.970000e+03 3.027283e-02
9.980000e+03 3.024670e-02
9.990000e+03 3.022090e-02
1.000000e+04 3.019542e-02
