1.000000e+01 6.998390e-01
2.000000e+01 5.917253e-01
3.000000e+01 3.480605e-01
4.000000e+01 3.366048e-01
5.000000e+01 3.057383e-01
6.000000e+01 3.029333e-01
7.000000e+01 3.141710e-01
8.000000e+01 3.195083e-01
9.000000e+01 3.121970e-01
1.000000e+02 3.092524e-01
1.100000e+02 3.055958e-01
1.200000e+02 3.047124e-01
1.300000e+02 3.034404e-01
1.400000e+02 3.002557e-01
1.500000e+02 2.983197e-01
1.600000e+02 2.994916e-01
1.700000e+02 3.008848e-01
1.800000e+02 3.021802e-01
1.900000e+02 3.032858e-01
2.000000e+02 3.041183e-01
2.100000e+02 3.047441e-01
2.200000e+02 3.052151e-01
2.300000e+02 3.054453e-01
2.400000e+02 3.051877e-01
2.500000e+02 3.048725e-01
2.600000e+02 3.045104e-01
2.700000e+02 3.041295e-01
2.800000e+02 3.036920e-01
2.900000e+02 3.032739e-01
3.000000e+02 3.028664e-01
3.100000e+02 3.024647e-01
3.200000e+02 3.020686e-01
3.300000e+02 3.016841e-01
3.400000e+02 3.013099e-01
3.500000e+02 3.009537e-01
3.600000e+02 3.006213e-01
3.700000e+02 3.003185e-01
3.800000e+02 3.000495e-01
3.900000e+02 2.998172e-01
4.000000e+02 2.996232e-01
4.100000e+02 2.994674e-01
4.200000e+02 2.993491e-01
4.300000e+02 2.992666e-01
4.400000e+02 2.992174e-01
4.500000e+02 2.991979e-01
4.600000e+02 2.992039e-01
4.700000e+02 2.992296e-01
4.800000e+02 2.992689e-01
4.900000e+02 2.993146e-01
5.000000e+02 2.993594e-01
5.100000e+02 2.993955e-01
5.200000e+02 2.994147e-01
5.300000e+02 2.994092e-01
5.400000e+02 2.993718e-01
5.500000e+02 2.992964e-01
5.600000e+02 2.991950e-01
5.700000e+02 2.990599e-01
5.800000e+02 2.988813e-01
5.900000e+02 2.986460e-01
6.000000e+02 2.983663e-01
6.100000e+02 2.980629e-01
6.200000e+02 2.977458e-01
6.300000e+02 2.974169e-01
6.400000e+02 2.970811e-01
6.500000e+02 2.967476e-01
6.600000e+02 2.964251e-01
6.700000e+02 2.961179e-01
6.800000e+02 2.958275e-01
6.900000e+02 2.955538e-01
7.000000e+02 2.952965e-01
7.100000e+02 2.950547e-01
7.200000e+02 2.948269e-01
7.300000e+02 2.946116e-01
7.400000e+02 2.944076e-01
7.500000e+02 2.942137e-01
7.600000e+02 2.940287e-01
7.700000e+02 2.938520e-01
7.800000e+02 2.936827e-01
7.900000e+02 2.935204e-01
8.000000e+02 2.933644e-01
8.100000e+02 2.932145e-01
8.200000e+02 2.930701e-01
8.300000e+02 2.929360e-01
8.400000e+02 2.928976e-01
8.500000e+02 2.928544e-01
8.600000e+02 2.928062e-01
8.700000e+02 2.927530e-01
8.800000e+02 2.926945e-01
8.900000e+02 2.926306e-01
9.000000e+02 2.925614e-01
9.100000e+02 2.924868e-01
9.200000e+02 2.924068e-01
9.300000e+02 2.923213e-01
9.400000e+02 2.922305e-01
9.500000e+02 2.921342e-01
9.600000e+02 2.920326e-01
9.700000e+02 2.919255e-01
9.800000e+02 2.918130e-01
9.900000e+02 2.916953e-01
1.000000e+03 2.915726e-01
1.010000e+03 2.914451e-01
1.020000e+03 2.913133e-01
1.030000e+03 2.911776e-01
1.040000e+03 2.910386e-01
1.050000e+03 2.908970e-01
1.060000e+03 2.907868e-01
1.070000e+03 2.907273e-01
1.080000e+03 2.906685e-01
1.090000e+03 2.906101e-01
1.100000e+03 2.905516e-01
1.110000e+03 2.904927e-01
1.120000e+03 2.904332e-01
1.130000e+03 2.903728e-01
1.140000e+03 2.903113e-01
1.150000e+03 2.902231e-01
1.160000e+03 2.901456e-01
1.170000e+03 2.900994e-01
1.180000e+03 2.900125e-01
1.190000e+03 2.899295e-01
1.200000e+03 2.898582e-01
1.210000e+03 2.897694e-01
1.220000e+03 2.896795e-01
1.230000e+03 2.895896e-01
1.240000e+03 2.894936e-01
1.250000e+03 2.893955e-01
1.260000e+03 2.892948e-01
1.270000e+03 2.891911e-01
1.280000e+03 2.890849e-01
1.290000e+03 2.889760e-01
1.300000e+03 2.888647e-01
1.310000e+03 2.887509e-01
1.320000e+03 2.886347e-01
1.330000e+03 2.885162e-01
1.340000e+03 2.883953e-01
1.350000e+03 2.882720e-01
1.360000e+03 2.881464e-01
1.370000e+03 2.880185e-01
1.380000e+03 2.878881e-01
1.390000e+03 2.877554e-01
1.400000e+03 2.876202e-01
1.410000e+03 2.874826e-01
1.420000e+03 2.873424e-01
1.430000e+03 2.871996e-01
1.440000e+03 2.870542e-01
1.450000e+03 2.869061e-01
1.460000e+03 2.867552e-01
1.470000e+03 2.866014e-01
1.480000e+03 2.864448e-01
1.490000e+03 2.862851e-01
1.500000e+03 2.861225e-01
1.510000e+03 2.859567e-01
1.520000e+03 2.857878e-01
1.530000e+03 2.856157e-01
1.540000e+03 2.854403e-01
1.550000e+03 2.852617e-01
1.560000e+03 2.850797e-01
1.570000e+03 2.848944e-01
1.580000e+03 2.847058e-01
1.590000e+03 2.845138e-01
1.600000e+03 2.843185e-01
1.610000e+03 2.841198e-01
1.620000e+03 2.839179e-01
1.630000e+03 2.837127e-01
1.640000e+03 2.835043e-01
1.650000e+03 2.832928e-01
1.660000e+03 2.830782e-01
1.670000e+03 2.828605e-01
1.680000e+03 2.826400e-01
1.690000e+03 2.824166e-01
1.700000e+03 2.821905e-01
1.710000e+03 2.819618e-01
1.720000e+03 2.817305e-01
1.730000e+03 2.814968e-01
1.740000e+03 2.812608e-01
1.750000e+03 2.810226e-01
1.760000e+03 2.807824e-01
1.770000e+03 2.805401e-01
1.780000e+03 2.802959e-01
1.790000e+03 2.800500e-01
1.800000e+03 2.798024e-01
1.810000e+03 2.795532e-01
1.820000e+03 2.793026e-01
1.830000e+03 2.790505e-01
1.840000e+03 2.787971e-01
1.850000e+03 2.785427e-01
1.860000e+03 2.784708e-01
1.870000e+03 2.782957e-01
1.880000e+03 2.777611e-01
1.890000e+03 2.776653e-01
1.900000e+03 2.772538e-01
1.910000e+03 2.771190e-01
1.920000e+03 2.768064e-01
1.930000e+03 2.765823e-01
1.940000e+03 2.763344e-01
1.950000e+03 2.760707e-01
1.960000e+03 2.758148e-01
1.970000e+03 2.755605e-01
1.980000e+03 2.753039e-01
1.990000e+03 2.750450e-01
2.000000e+03 2.747849e-01
2.010000e+03 2.745239e-01
2.020000e+03 2.742620e-01
2.030000e+03 2.739984e-01
2.040000e+03 2.737337e-01
2.050000e+03 2.734678e-01
2.060000e+03 2.732008e-01
2.070000e+03 2.729322e-01
2.080000e+03 2.726507e-01
2.090000e+03 2.731156e-01
2.100000e+03 2.726191e-01
2.110000e+03 2.719172e-01
2.120000e+03 2.716964e-01
2.130000e+03 2.713336e-01
2.140000e+03 2.711833e-01
2.150000e+03 2.708399e-01
2.160000e+03 2.705717e-01
2.170000e+03 2.703335e-01
2.180000e+03 2.700657e-01
2.190000e+03 2.697901e-01
2.200000e+03 2.695166e-01
2.210000e+03 2.692435e-01
2.220000e+03 2.689693e-01
2.230000e+03 2.686935e-01
2.240000e+03 2.684156e-01
2.250000e+03 2.681358e-01
2.260000e+03 2.678552e-01
2.270000e+03 2.675727e-01
2.280000e+03 2.672887e-01
2.290000e+03 2.670028e-01
2.300000e+03 2.667153e-01
2.310000e+03 2.664246e-01
2.320000e+03 2.660956e-01
2.330000e+03 2.674196e-01
2.340000e+03 2.659045e-01
2.350000e+03 2.655264e-01
2.360000e+03 2.651552e-01
2.370000e+03 2.648283e-01
2.380000e+03 2.644822e-01
2.390000e+03 2.642185e-01
2.400000e+03 2.639011e-01
2.410000e+03 2.636141e-01
2.420000e+03 2.633344e-01
2.430000e+03 2.630358e-01
2.440000e+03 2.627403e-01
2.450000e+03 2.624468e-01
2.460000e+03 2.621508e-01
2.470000e+03 2.618519e-01
2.480000e+03 2.615512e-01
2.490000e+03 2.612485e-01
2.500000e+03 2.609441e-01
2.510000e+03 2.606378e-01
2.520000e+03 2.603298e-01
2.530000e+03 2.600200e-01
2.540000e+03 2.597083e-01
2.550000e+03 2.593948e-01
2.560000e+03 2.590793e-01
2.570000e+03 2.587620e-01
2.580000e+03 2.584427e-01
2.590000e+03 2.581215e-01
2.600000e+03 2.577984e-01
2.610000e+03 2.574736e-01
2.620000e+03 2.571544e-01
2.630000e+03 2.571236e-01
2.640000e+03 2.566474e-01
2.650000e+03 2.562004e-01
2.660000e+03 2.559461e-01
2.670000e+03 2.555998e-01
2.680000e+03 2.552603e-01
2.690000e+03 2.549721e-01
2.700000e+03 2.546371e-01
2.710000e+03 2.543271e-01
2.720000e+03 2.539921e-01
2.730000e+03 2.536662e-01
2.740000e+03 2.533357e-01
2.750000e+03 2.530044e-01
2.760000e+03 2.526765e-01
2.770000e+03 2.523446e-01
2.780000e+03 2.520111e-01
2.790000e+03 2.516766e-01
2.800000e+03 2.513402e-01
2.810000e+03 2.510019e-01
2.820000e+03 2.506621e-01
2.830000e+03 2.503208e-01
2.840000e+03 2.499780e-01
2.850000e+03 2.496338e-01
2.860000e+03 2.492882e-01
2.870000e+03 2.489414e-01
2.880000e+03 2.485933e-01
2.890000e+03 2.482440e-01
2.900000e+03 2.478938e-01
2.910000e+03 2.475425e-01
2.920000e+03 2.471904e-01
2.930000e+03 2.468375e-01
2.940000e+03 2.464840e-01
2.950000e+03 2.461299e-01
2.960000e+03 2.457754e-01
2.970000e+03 2.454206e-01
2.980000e+03 2.450656e-01
2.990000e+03 2.447105e-01
3.000000e+03 2.443556e-01
3.010000e+03 2.440001e-01
3.020000e+03 2.436116e-01
3.030000e+03 2.433977e-01
3.040000e+03 2.433668e-01
3.050000e+03 2.430973e-01
3.060000e+03 2.425528e-01
3.070000e+03 2.418383e-01
3.080000e+03 2.416833e-01
3.090000e+03 2.414763e-01
3.100000e+03 2.410796e-01
3.110000e+03 2.407721e-01
3.120000e+03 2.404756e-01
3.130000e+03 2.401357e-01
3.140000e+03 2.398341e-01
3.150000e+03 2.395139e-01
3.160000e+03 2.392021e-01
3.170000e+03 2.388912e-01
3.180000e+03 2.385823e-01
3.190000e+03 2.382748e-01
3.200000e+03 2.379700e-01
3.210000e+03 2.376666e-01
3.220000e+03 2.373663e-01
3.230000e+03 2.370679e-01
3.240000e+03 2.367720e-01
3.250000e+03 2.364787e-01
3.260000e+03 2.361878e-01
3.270000e+03 2.358995e-01
3.280000e+03 2.356138e-01
3.290000e+03 2.353308e-01
3.300000e+03 2.350503e-01
3.310000e+03 2.347724e-01
3.320000e+03 2.344971e-01
3.330000e+03 2.342243e-01
3.340000e+03 2.339540e-01
3.350000e+03 2.336860e-01
3.360000e+03 2.334204e-01
3.370000e+03 2.331569e-01
3.380000e+03 2.328955e-01
3.390000e+03 2.326360e-01
3.400000e+03 2.323783e-01
3.410000e+03 2.321221e-01
3.420000e+03 2.318672e-01
3.430000e+03 2.316136e-01
3.440000e+03 2.313608e-01
3.450000e+03 2.311087e-01
3.460000e+03 2.308570e-01
3.470000e+03 2.306053e-01
3.480000e+03 2.303535e-01
3.490000e+03 2.301011e-01
3.500000e+03 2.298478e-01
3.510000e+03 2.295933e-01
3.520000e+03 2.293372e-01
3.530000e+03 2.290791e-01
3.540000e+03 2.288233e-01
3.550000e+03 2.288705e-01
3.560000e+03 2.241313e-01
3.570000e+03 2.329873e-01
3.580000e+03 2.279229e-01
3.590000e+03 2.253048e-01
3.600000e+03 2.260745e-01
3.610000e+03 2.272254e-01
3.620000e+03 2.272704e-01
3.630000e+03 2.266551e-01
3.640000e+03 2.262173e-01
3.650000e+03 2.260158e-01
3.660000e+03 2.257360e-01
3.670000e+03 2.253833e-01
3.680000e+03 2.250844e-01
3.690000e+03 2.247843e-01
3.700000e+03 2.244474e-01
3.710000e+03 2.241151e-01
3.720000e+03 2.237712e-01
3.730000e+03 2.234140e-01
3.740000e+03 2.230699e-01
3.750000e+03 2.227330e-01
3.760000e+03 2.223892e-01
3.770000e+03 2.220357e-01
3.780000e+03 2.216719e-01
3.790000e+03 2.212956e-01
3.800000e+03 2.209083e-01
3.810000e+03 2.205098e-01
3.820000e+03 2.200996e-01
3.830000e+03 2.196775e-01
3.840000e+03 2.192437e-01
3.850000e+03 2.187980e-01
3.860000e+03 2.183404e-01
3.870000e+03 2.178708e-01
3.880000e+03 2.173893e-01
3.890000e+03 2.168957e-01
3.900000e+03 2.163900e-01
3.910000e+03 2.158722e-01
3.920000e+03 2.153424e-01
3.930000e+03 2.148008e-01
3.940000e+03 2.142475e-01
3.950000e+03 2.136828e-01
3.960000e+03 2.131072e-01
3.970000e+03 2.125211e-01
3.980000e+03 2.119248e-01
3.990000e+03 2.113188e-01
4.000000e+03 2.107035e-01
4.010000e+03 2.100792e-01
4.020000e+03 2.094462e-01
4.030000e+03 2.088046e-01
4.040000e+03 2.081548e-01
4.050000e+03 2.074972e-01
4.060000e+03 2.068320e-01
4.070000e+03 2.061597e-01
4.080000e+03 2.054811e-01
4.090000e+03 2.047966e-01
4.100000e+03 2.041072e-01
4.110000e+03 2.034135e-01
4.120000e+03 2.027163e-01
4.130000e+03 2.020163e-01
4.140000e+03 2.013141e-01
4.150000e+03 2.006102e-01
4.160000e+03 1.999050e-01
4.170000e+03 1.991987e-01
4.180000e+03 1.984915e-01
4.190000e+03 1.977836e-01
4.200000e+03 1.970751e-01
4.210000e+03 1.963662e-01
4.220000e+03 1.956570e-01
4.230000e+03 1.949480e-01
4.240000e+03 1.942395e-01
4.250000e+03 1.935321e-01
4.260000e+03 1.928263e-01
4.270000e+03 1.921229e-01
4.280000e+03 1.914226e-01
4.290000e+03 1.907258e-01
4.300000e+03 1.900334e-01
4.310000e+03 1.893455e-01
4.320000e+03 1.886594e-01
4.330000e+03 1.877937e-01
4.340000e+03 1.752625e-01
4.350000e+03 2.262881e-01
4.360000e+03 1.728733e-01
4.370000e+03 1.870930e-01
4.380000e+03 1.885494e-01
4.390000e+03 1.861485e-01
4.400000e+03 1.815791e-01
4.410000e+03 1.822518e-01
4.420000e+03 1.831977e-01
4.430000e+03 1.824342e-01
4.440000e+03 1.811454e-01
4.450000e+03 1.808208e-01
4.460000e+03 1.804806e-01
4.470000e+03 1.798610e-01
4.480000e+03 1.793112e-01
4.490000e+03 1.788398e-01
4.500000e+03 1.783270e-01
4.510000e+03 1.778139e-01
4.520000e+03 1.773202e-01
4.530000e+03 1.768173e-01
4.540000e+03 1.763202e-01
4.550000e+03 1.758313e-01
4.560000e+03 1.753410e-01
4.570000e+03 1.748547e-01
4.580000e+03 1.743727e-01
4.590000e+03 1.738933e-01
4.600000e+03 1.734177e-01
4.610000e+03 1.729455e-01
4.620000e+03 1.724767e-01
4.630000e+03 1.720117e-01
4.640000e+03 1.715503e-01
4.650000e+03 1.710927e-01
4.660000e+03 1.706387e-01
4.670000e+03 1.701886e-01
4.680000e+03 1.697422e-01
4.690000e+03 1.692997e-01
4.700000e+03 1.688607e-01
4.710000e+03 1.684249e-01
4.720000e+03 1.679921e-01
4.730000e+03 1.675623e-01
4.740000e+03 1.671353e-01
4.750000e+03 1.667112e-01
4.760000e+03 1.662897e-01
4.770000e+03 1.658708e-01
4.780000e+03 1.654543e-01
4.790000e+03 1.650403e-01
4.800000e+03 1.646285e-01
4.810000e+03 1.642188e-01
4.820000e+03 1.638111e-01
4.830000e+03 1.634052e-01
4.840000e+03 1.630009e-01
4.850000e+03 1.625981e-01
4.860000e+03 1.621965e-01
4.870000e+03 1.617961e-01
4.880000e+03 1.613967e-01
4.890000e+03 1.609982e-01
4.900000e+03 1.606005e-01
4.910000e+03 1.602035e-01
4.920000e+03 1.598073e-01
4.930000e+03 1.594120e-01
4.940000e+03 1.590176e-01
4.950000e+03 1.586244e-01
4.960000e+03 1.582326e-01
4.970000e+03 1.578425e-01
4.980000e+03 1.574543e-01
4.990000e+03 1.570683e-01
5.000000e+03 1.566847e-01
5.010000e+03 1.563038e-01
5.020000e+03 1.559257e-01
5.030000e+03 1.555505e-01
5.040000e+03 1.551781e-01
5.050000e+03 1.548087e-01
5.060000e+03 1.544421e-01
5.070000e+03 1.540781e-01
5.080000e+03 1.537167e-01
5.090000e+03 1.533578e-01
5.100000e+03 1.530011e-01
5.110000e+03 1.526466e-01
5.120000e+03 1.522940e-01
5.130000e+03 1.519434e-01
5.140000e+03 1.515945e-01
5.150000e+03 1.512473e-01
5.160000e+03 1.509016e-01
5.170000e+03 1.505575e-01
5.180000e+03 1.502147e-01
5.190000e+03 1.498732e-01
5.200000e+03 1.495329e-01
5.210000e+03 1.491938e-01
5.220000e+03 1.488556e-01
5.230000e+03 1.485184e-01
5.240000e+03 1.481821e-01
5.250000e+03 1.478464e-01
5.260000e+03 1.475114e-01
5.270000e+03 1.471770e-01
5.280000e+03 1.468431e-01
5.290000e+03 1.465097e-01
5.300000e+03 1.461768e-01
5.310000e+03 1.458445e-01
5.320000e+03 1.455129e-01
5.330000e+03 1.451822e-01
5.340000e+03 1.448525e-01
5.350000e+03 1.445240e-01
5.360000e+03 1.441971e-01
5.370000e+03 1.438720e-01
5.380000e+03 1.435488e-01
5.390000e+03 1.432280e-01
5.400000e+03 1.429096e-01
5.410000e+03 1.425939e-01
5.420000e+03 1.422810e-01
5.430000e+03 1.419708e-01
5.440000e+03 1.416636e-01
5.450000e+03 1.413592e-01
5.460000e+03 1.410575e-01
5.470000e+03 1.407587e-01
5.480000e+03 1.404624e-01
5.490000e+03 1.401687e-01
5.500000e+03 1.398775e-01
5.510000e+03 1.395885e-01
5.520000e+03 1.393018e-01
5.530000e+03 1.390171e-01
5.540000e+03 1.387344e-01
5.550000e+03 1.384535e-01
5.560000e+03 1.381744e-01
5.570000e+03 1.378970e-01
5.580000e+03 1.376211e-01
5.590000e+03 1.373466e-01
5.600000e+03 1.370735e-01
5.610000e+03 1.368017e-01
5.620000e+03 1.365310e-01
5.630000e+03 1.362614e-01
5.640000e+03 1.359929e-01
5.650000e+03 1.357253e-01
5.660000e+03 1.354586e-01
5.670000e+03 1.351927e-01
5.680000e+03 1.349277e-01
5.690000e+03 1.346634e-01
5.700000e+03 1.343998e-01
5.710000e+03 1.341371e-01
5.720000e+03 1.338781e-01
5.730000e+03 1.338292e-01
5.740000e+03 1.615645e-01
5.750000e+03 1.359165e-01
5.760000e+03 1.903132e-01
5.770000e+03 1.428596e-01
5.780000e+03 1.563662e-01
5.790000e+03 1.287374e-01
5.800000e+03 1.322885e-01
5.810000e+03 1.290445e-01
5.820000e+03 1.301443e-01
5.830000e+03 1.327019e-01
5.840000e+03 1.312570e-01
5.850000e+03 1.297695e-01
5.860000e+03 1.292086e-01
5.870000e+03 1.283083e-01
5.880000e+03 1.273264e-01
5.890000e+03 1.265819e-01
5.900000e+03 1.259259e-01
5.910000e+03 1.253153e-01
5.920000e+03 1.248089e-01
5.930000e+03 1.243615e-01
5.940000e+03 1.239626e-01
5.950000e+03 1.236193e-01
5.960000e+03 1.233156e-01
5.970000e+03 1.230439e-01
5.980000e+03 1.228031e-01
5.990000e+03 1.225862e-01
6.000000e+03 1.223891e-01
6.010000e+03 1.222093e-01
6.020000e+03 1.220432e-01
6.030000e+03 1.218886e-01
6.040000e+03 1.217434e-01
6.050000e+03 1.216056e-01
6.060000e+03 1.214740e-01
6.070000e+03 1.213472e-01
6.080000e+03 1.212243e-01
6.090000e+03 1.211043e-01
6.100000e+03 1.209867e-01
6.110000e+03 1.208707e-01
6.120000e+03 1.207560e-01
6.130000e+03 1.206423e-01
6.140000e+03 1.205291e-01
6.150000e+03 1.204152e-01
6.160000e+03 1.203018e-01
6.170000e+03 1.201889e-01
6.180000e+03 1.200757e-01
6.190000e+03 1.199624e-01
6.200000e+03 1.198492e-01
6.210000e+03 1.197357e-01
6.220000e+03 1.196223e-01
6.230000e+03 1.195086e-01
6.240000e+03 1.193947e-01
6.250000e+03 1.192808e-01
6.260000e+03 1.191669e-01
6.270000e+03 1.190529e-01
6.280000e+03 1.189388e-01
6.290000e+03 1.188249e-01
6.300000e+03 1.187110e-01
6.310000e+03 1.185972e-01
6.320000e+03 1.184835e-01
6.330000e+03 1.183700e-01
6.340000e+03 1.182568e-01
6.350000e+03 1.181438e-01
6.360000e+03 1.180311e-01
6.370000e+03 1.179187e-01
6.380000e+03 1.178067e-01
6.390000e+03 1.176950e-01
6.400000e+03 1.175837e-01
6.410000e+03 1.174729e-01
6.420000e+03 1.173625e-01
6.430000e+03 1.172526e-01
6.440000e+03 1.171431e-01
6.450000e+03 1.170342e-01
6.460000e+03 1.169258e-01
6.470000e+03 1.168179e-01
6.480000e+03 1.167106e-01
6.490000e+03 1.166039e-01
6.500000e+03 1.164977e-01
6.510000e+03 1.163921e-01
6.520000e+03 1.162870e-01
6.530000e+03 1.161826e-01
6.540000e+03 1.160788e-01
6.550000e+03 1.159756e-01
6.560000e+03 1.158730e-01
6.570000e+03 1.157709e-01
6.580000e+03 1.156696e-01
6.590000e+03 1.155688e-01
6.600000e+03 1.154686e-01
6.610000e+03 1.153691e-01
6.620000e+03 1.152701e-01
6.630000e+03 1.151718e-01
6.640000e+03 1.150740e-01
6.650000e+03 1.149769e-01
6.660000e+03 1.148804e-01
6.670000e+03 1.147845e-01
6.680000e+03 1.146891e-01
6.690000e+03 1.145944e-01
6.700000e+03 1.145003e-01
6.710000e+03 1.144067e-01
6.720000e+03 1.143137e-01
6.730000e+03 1.142212e-01
6.740000e+03 1.141294e-01
6.750000e+03 1.140380e-01
6.760000e+03 1.139473e-01
6.770000e+03 1.138571e-01
6.780000e+03 1.137674e-01
6.790000e+03 1.136875e-01
6.800000e+03 1.136262e-01
6.810000e+03 1.135651e-01
6.820000e+03 1.135040e-01
6.830000e+03 1.134431e-01
6.840000e+03 1.133822e-01
6.850000e+03 1.133214e-01
6.860000e+03 1.132606e-01
6.870000e+03 1.131997e-01
6.880000e+03 1.131389e-01
6.890000e+03 1.130781e-01
6.900000e+03 1.130173e-01
6.910000e+03 1.129565e-01
6.920000e+03 1.128957e-01
6.930000e+03 1.128349e-01
6.940000e+03 1.127741e-01
6.950000e+03 1.127132e-01
6.960000e+03 1.126523e-01
6.970000e+03 1.125915e-01
6.980000e+03 1.125306e-01
6.990000e+03 1.124696e-01
7.000000e+03 1.124087e-01
7.010000e+03 1.123477e-01
7.020000e+03 1.122867e-01
7.030000e+03 1.122257e-01
7.040000e+03 1.121647e-01
7.050000e+03 1.121037e-01
7.060000e+03 1.120426e-01
7.070000e+03 1.119816e-01
7.080000e+03 1.119205e-01
7.090000e+03 1.118594e-01
7.100000e+03 1.117983e-01
7.110000e+03 1.117373e-01
7.120000e+03 1.116762e-01
7.130000e+03 1.116151e-01
7.140000e+03 1.115541e-01
7.150000e+03 1.114930e-01
7.160000e+03 1.114320e-01
7.170000e+03 1.113710e-01
7.180000e+03 1.113101e-01
7.190000e+03 1.112492e-01
7.200000e+03 1.111884e-01
7.210000e+03 1.111276e-01
7.220000e+03 1.110668e-01
7.230000e+03 1.110062e-01
7.240000e+03 1.109456e-01
7.250000e+03 1.108852e-01
7.260000e+03 1.108248e-01
7.270000e+03 1.107645e-01
7.280000e+03 1.107044e-01
7.290000e+03 1.106443e-01
7.300000e+03 1.105844e-01
7.310000e+03 1.105246e-01
7.320000e+03 1.104650e-01
7.330000e+03 1.104055e-01
7.340000e+03 1.103462e-01
7.350000e+03 1.102871e-01
7.360000e+03 1.102281e-01
7.370000e+03 1.101693e-01
7.380000e+03 1.101107e-01
7.390000e+03 1.100523e-01
7.400000e+03 1.099941e-01
7.410000e+03 1.099361e-01
7.420000e+03 1.098784e-01
7.430000e+03 1.098208e-01
7.440000e+03 1.097635e-01
7.450000e+03 1.097064e-01
7.460000e+03 1.096496e-01
7.470000e+03 1.095931e-01
7.480000e+03 1.095367e-01
7.490000e+03 1.094807e-01
7.500000e+03 1.094249e-01
7.510000e+03 1.093694e-01
7.520000e+03 1.093142e-01
7.530000e+03 1.092593e-01
7.540000e+03 1.092046e-01
7.550000e+03 1.091503e-01
7.560000e+03 1.090963e-01
7.570000e+03 1.090426e-01
7.580000e+03 1.089892e-01
7.590000e+03 1.089361e-01
7.600000e+03 1.088834e-01
7.610000e+03 1.088310e-01
7.620000e+03 1.087789e-01
7.630000e+03 1.087272e-01
7.640000e+03 1.086758e-01
7.650000e+03 1.086248e-01
7.660000e+03 1.085741e-01
7.670000e+03 1.085239e-01
7.680000e+03 1.084739e-01
7.690000e+03 1.084244e-01
7.700000e+03 1.083752e-01
7.710000e+03 1.083265e-01
7.720000e+03 1.082781e-01
7.730000e+03 1.082301e-01
7.740000e+03 1.081825e-01
7.750000e+03 1.081353e-01
7.760000e+03 1.080885e-01
7.770000e+03 1.080422e-01
7.780000e+03 1.079962e-01
7.790000e+03 1.079507e-01
7.800000e+03 1.079056e-01
7.810000e+03 1.078609e-01
7.820000e+03 1.078167e-01
7.830000e+03 1.077729e-01
7.840000e+03 1.077295e-01
7.850000e+03 1.076866e-01
7.860000e+03 1.076442e-01
7.870000e+03 1.076022e-01
7.880000e+03 1.075607e-01
7.890000e+03 1.075196e-01
7.900000e+03 1.074790e-01
7.910000e+03 1.074389e-01
7.920000e+03 1.073992e-01
7.930000e+03 1.073600e-01
7.940000e+03 1.073213e-01
7.950000e+03 1.072831e-01
7.960000e+03 1.072454e-01
7.970000e+03 1.072082e-01
7.980000e+03 1.071714e-01
7.990000e+03 1.071352e-01
8.000000e+03 1.070995e-01
8.010000e+03 1.070642e-01
8.020000e+03 1.070295e-01
8.030000e+03 1.069953e-01
8.040000e+03 1.069616e-01
8.050000e+03 1.069285e-01
8.060000e+03 1.068963e-01
8.070000e+03 1.068824e-01
8.080000e+03 1.077986e-01
8.090000e+03 1.057811e-01
8.100000e+03 1.076237e-01
8.110000e+03 1.065384e-01
8.120000e+03 1.065951e-01
8.130000e+03 1.068442e-01
8.140000e+03 1.065428e-01
8.150000e+03 1.067025e-01
8.160000e+03 1.066314e-01
8.170000e+03 1.065850e-01
8.180000e+03 1.065919e-01
8.190000e+03 1.065561e-01
8.200000e+03 1.065225e-01
8.210000e+03 1.065016e-01
8.220000e+03 1.064797e-01
8.230000e+03 1.064541e-01
8.240000e+03 1.064309e-01
8.250000e+03 1.064094e-01
8.260000e+03 1.063887e-01
8.270000e+03 1.063684e-01
8.280000e+03 1.063487e-01
8.290000e+03 1.063294e-01
8.300000e+03 1.063108e-01
8.310000e+03 1.062928e-01
8.320000e+03 1.062753e-01
8.330000e+03 1.062583e-01
8.340000e+03 1.062419e-01
8.350000e+03 1.062260e-01
8.360000e+03 1.062106e-01
8.370000e+03 1.061958e-01
8.380000e+03 1.061815e-01
8.390000e+03 1.061678e-01
8.400000e+03 1.061545e-01
8.410000e+03 1.061419e-01
8.420000e+03 1.061298e-01
8.430000e+03 1.061182e-01
8.440000e+03 1.061072e-01
8.450000e+03 1.060967e-01
8.460000e+03 1.060868e-01
8.470000e+03 1.060775e-01
8.480000e+03 1.060687e-01
8.490000e+03 1.060604e-01
8.500000e+03 1.060528e-01
8.510000e+03 1.060457e-01
8.520000e+03 1.060391e-01
8.530000e+03 1.060331e-01
8.540000e+03 1.060277e-01
8.550000e+03 1.060228e-01
8.560000e+03 1.060186e-01
8.570000e+03 1.060148e-01
8.580000e+03 1.060117e-01
8.590000e+03 1.060091e-01
8.600000e+03 1.060065e-01
8.610000e+03 1.059871e-01
8.620000e+03 1.052376e-01
8.630000e+03 1.072152e-01
8.640000e+03 1.060069e-01
8.650000e+03 1.056679e-01
8.660000e+03 1.061866e-01
8.670000e+03 1.060128e-01
8.680000e+03 1.059501e-01
8.690000e+03 1.060785e-01
8.700000e+03 1.060704e-01
8.710000e+03 1.060393e-01
8.720000e+03 1.060536e-01
8.730000e+03 1.060636e-01
8.740000e+03 1.060630e-01
8.750000e+03 1.060633e-01
8.760000e+03 1.060692e-01
8.770000e+03 1.060777e-01
8.780000e+03 1.060864e-01
8.790000e+03 1.060956e-01
8.800000e+03 1.061054e-01
8.810000e+03 1.061158e-01
8.820000e+03 1.061266e-01
8.830000e+03 1.061379e-01
8.840000e+03 1.061497e-01
8.850000e+03 1.061620e-01
8.860000e+03 1.061748e-01
8.870000e+03 1.061881e-01
8.880000e+03 1.062019e-01
8.890000e+03 1.062162e-01
8.900000e+03 1.062310e-01
8.910000e+03 1.062463e-01
8.920000e+03 1.062622e-01
8.930000e+03 1.062789e-01
8.940000e+03 1.063020e-01
8.950000e+03 1.064478e-01
8.960000e+03 1.115008e-01
8.970000e+03 1.504980e-01
8.980000e+03 1.011101e-01
8.990000e+03 1.077638e-01
9.000000e+03 1.393283e-01
9.010000e+03 1.181497e-01
9.020000e+03 1.092896e-01
9.030000e+03 1.127747e-01
9.040000e+03 1.079468e-01
9.050000e+03 1.115097e-01
9.060000e+03 1.096344e-01
9.070000e+03 1.091956e-01
9.080000e+03 1.082285e-01
9.090000e+03 1.069131e-01
9.100000e+03 1.060011e-01
9.110000e+03 1.048553e-01
9.120000e+03 1.039598e-01
9.130000e+03 1.030839e-01
9.140000e+03 1.023144e-01
9.150000e+03 1.016154e-01
9.160000e+03 1.009911e-01
9.170000e+03 1.004426e-01
9.180000e+03 9.995501e-02
9.190000e+03 9.953004e-02
9.200000e+03 9.940799e-02
9.210000e+03 9.965311e-02
9.220000e+03 9.986257e-02
9.230000e+03 1.000380e-01
9.240000e+03 1.001825e-01
9.250000e+03 1.002982e-01
9.260000e+03 1.003879e-01
9.270000e+03 1.004541e-01
9.280000e+03 1.004993e-01
9.290000e+03 1.005259e-01
9.300000e+03 1.005358e-01
9.310000e+03 1.005313e-01
9.320000e+03 1.005142e-01
9.330000e+03 1.004862e-01
9.340000e+03 1.004490e-01
9.350000e+03 1.004039e-01
9.360000e+03 1.003523e-01
9.370000e+03 1.002955e-01
9.380000e+03 1.002340e-01
9.390000e+03 1.001680e-01
9.400000e+03 1.000988e-01
9.410000e+03 1.000277e-01
9.420000e+03 9.995525e-02
9.430000e+03 9.988191e-02
9.440000e+03 9.980828e-02
9.450000e+03 9.973490e-02
9.460000e+03 9.966216e-02
9.470000e+03 9.959041e-02
9.480000e+03 9.951993e-02
9.490000e+03 9.945100e-02
9.500000e+03 9.938382e-02
9.510000e+03 9.931858e-02
9.520000e+03 9.925541e-02
9.530000e+03 9.919445e-02
9.540000e+03 9.913578e-02
9.550000e+03 9.907948e-02
9.560000e+03 9.902560e-02
9.570000e+03 9.897417e-02
9.580000e+03 9.893289e-02
9.590000e+03 9.894160e-02
9.600000e+03 9.894640e-02
9.610000e+03 9.894738e-02
9.620000e+03 9.894461e-02
9.630000e+03 9.893816e-02
9.640000e+03 9.892813e-02
9.650000e+03 9.891460e-02
9.660000e+03 9.889768e-02
9.670000e+03 9.887746e-02
9.680000e+03 9.885405e-02
9.690000e+03 9.882754e-02
9.700000e+03 9.879804e-02
9.710000e+03 9.876565e-02
9.720000e+03 9.873047e-02
9.730000e+03 9.869261e-02
9.740000e+03 9.865216e-02
9.750000e+03 9.860922e-02
9.760000e+03 9.856389e-02
9.770000e+03 9.851626e-02
9.780000e+03 9.846642e-02
9.790000e+03 9.841706e-02
9.800000e+03 9.841343e-02
9.810000e+03 9.841125e-02
9.820000e+03 9.841047e-02
9.830000e+03 9.841103e-02
9.840000e+03 9.841290e-02
9.850000e+03 9.841602e-02
9.860000e+03 9.842034e-02
9.870000e+03 9.842583e-02
9.880000e+03 9.843244e-02
9.890000e+03 9.844012e-02
9.900000e+03 9.844884e-02
9.910000e+03 9.845856e-02
9.920000e+03 9.846924e-02
9.930000e+03 9.848085e-02
9.940000e+03 9.849335e-02
9.950000e+03 9.850670e-02
9.960000e+03 9.852088e-02
9.970000e+03 9.853585e-02
9.980000e+03 9.855158e-02
9.990000e+03 9.856805e-02
1.000000e+04 9.858523e-02
