1.000000e+01 4.729060e-01
2.000000e+01 4.840730e-01
3.000000e+01 4.061169e-01
4.000000e+01 4.191287e-01
5.000000e+01 3.817774e-01
6.000000e+01 3.630200e-01
7.000000e+01 3.664939e-01
8.000000e+01 3.622693e-01
9.000000e+01 3.504449e-01
1.000000e+02 3.497129e-01
1.100000e+02 3.446849e-01
1.200000e+02 3.393888e-01
1.300000e+02 3.363696e-01
1.400000e+02 3.321543e-01
1.500000e+02 3.286123e-01
1.600000e+02 3.253790e-01
1.700000e+02 3.221359e-01
1.800000e+02 3.192322e-01
1.900000e+02 3.164411e-01
2.000000e+02 3.138318e-01
2.100000e+02 3.113769e-01
2.200000e+02 3.090606e-01
2.300000e+02 3.068746e-01
2.400000e+02 3.048101e-01
2.500000e+02 3.024314e-01
2.600000e+02 2.999207e-01
2.700000e+02 2.972448e-01
2.800000e+02 2.945103e-01
2.900000e+02 2.916584e-01
3.000000e+02 2.886416e-01
3.100000e+02 2.854680e-01
3.200000e+02 2.821559e-01
3.300000e+02 2.787061e-01
3.400000e+02 2.751280e-01
3.500000e+02 2.714393e-01
3.600000e+02 2.676621e-01
3.700000e+02 2.638236e-01
3.800000e+02 2.599552e-01
3.900000e+02 2.560914e-01
4.000000e+02 2.522699e-01
4.100000e+02 2.485294e-01
4.200000e+02 2.449085e-01
4.300000e+02 2.414438e-01
4.400000e+02 2.381687e-01
4.500000e+02 2.351113e-01
4.600000e+02 2.322932e-01
4.700000e+02 2.297291e-01
4.800000e+02 2.274259e-01
4.900000e+02 2.253832e-01
5.000000e+02 2.235936e-01
5.100000e+02 2.220439e-01
5.200000e+02 2.207159e-01
5.300000e+02 2.195874e-01
5.400000e+02 2.186336e-01
5.500000e+02 2.178273e-01
5.600000e+02 2.171399e-01
5.700000e+02 2.165417e-01
5.800000e+02 2.160021e-01
5.900000e+02 2.154901e-01
6.000000e+02 2.149743e-01
6.100000e+02 2.144232e-01
6.200000e+02 2.138059e-01
6.300000e+02 2.130918e-01
6.400000e+02 2.122514e-01
6.500000e+02 2.112563e-01
6.600000e+02 2.100791e-01
6.700000e+02 2.086939e-01
6.800000e+02 2.070761e-01
6.900000e+02 2.052039e-01
7.000000e+02 2.030598e-01
7.100000e+02 2.006311e-01
7.200000e+02 1.979110e-01
7.300000e+02 1.948997e-01
7.400000e+02 1.916056e-01
7.500000e+02 1.880504e-01
7.600000e+02 1.842706e-01
7.700000e+02 1.803459e-01
7.800000e+02 1.763435e-01
7.900000e+02 1.722924e-01
8.000000e+02 1.682240e-01
8.100000e+02 1.641861e-01
8.200000e+02 1.602348e-01
8.300000e+02 1.564273e-01
8.400000e+02 1.528091e-01
8.500000e+02 1.494105e-01
8.600000e+02 1.462508e-01
8.700000e+02 1.433408e-01
8.800000e+02 1.406828e-01
8.900000e+02 1.382715e-01
9.000000e+02 1.360961e-01
9.100000e+02 1.341412e-01
9.200000e+02 1.323884e-01
9.300000e+02 1.308173e-01
9.400000e+02 1.294068e-01
9.500000e+02 1.281359e-01
9.600000e+02 1.269844e-01
9.700000e+02 1.259332e-01
9.800000e+02 1.249650e-01
9.900000e+02 1.240640e-01
1.000000e+03 1.232163e-01
1.010000e+03 1.224095e-01
1.020000e+03 1.216332e-01
1.030000e+03 1.208781e-01
1.040000e+03 1.201368e-01
1.050000e+03 1.194027e-01
1.060000e+03 1.186706e-01
1.070000e+03 1.179361e-01
1.080000e+03 1.171959e-01
1.090000e+03 1.164471e-01
1.100000e+03 1.156880e-01
1.110000e+03 1.149170e-01
1.120000e+03 1.141332e-01
1.130000e+03 1.133363e-01
1.140000e+03 1.125261e-01
1.150000e+03 1.117032e-01
1.160000e+03 1.108682e-01
1.170000e+03 1.100220e-01
1.180000e+03 1.091659e-01
1.190000e+03 1.083015e-01
1.200000e+03 1.074304e-01
1.210000e+03 1.065546e-01
1.220000e+03 1.056761e-01
1.230000e+03 1.047969e-01
1.240000e+03 1.039194e-01
1.250000e+03 1.030458e-01
1.260000e+03 1.021782e-01
1.270000e+03 1.013190e-01
1.280000e+03 1.004701e-01
1.290000e+03 9.963354e-02
1.300000e+03 9.881117e-02
1.310000e+03 9.795753e-02
1.320000e+03 9.702788e-02
1.330000e+03 9.607386e-02
1.340000e+03 9.514877e-02
1.350000e+03 9.425909e-02
1.360000e+03 9.340209e-02
1.370000e+03 9.256606e-02
1.380000e+03 9.175159e-02
1.390000e+03 9.096077e-02
1.400000e+03 9.019369e-02
1.410000e+03 8.944935e-02
1.420000e+03 8.872679e-02
1.430000e+03 8.802514e-02
1.440000e+03 8.734360e-02
1.450000e+03 8.668107e-02
1.460000e+03 8.603630e-02
1.470000e+03 8.540805e-02
1.480000e+03 8.479508e-02
1.490000e+03 8.419619e-02
1.500000e+03 8.361021e-02
1.510000e+03 8.303598e-02
1.520000e+03 8.247243e-02
1.530000e+03 8.191857e-02
1.540000e+03 8.137349e-02
1.550000e+03 8.083636e-02
1.560000e+03 8.030647e-02
1.570000e+03 7.978318e-02
1.580000e+03 7.926594e-02
1.590000e+03 7.875430e-02
1.600000e+03 7.824788e-02
1.610000e+03 7.774639e-02
1.620000e+03 7.724957e-02
1.630000e+03 7.675726e-02
1.640000e+03 7.626933e-02
1.650000e+03 7.578568e-02
1.660000e+03 7.530628e-02
1.670000e+03 7.483110e-02
1.680000e+03 7.436014e-02
1.690000e+03 7.389340e-02
1.700000e+03 7.343091e-02
1.710000e+03 7.297268e-02
1.720000e+03 7.251873e-02
1.730000e+03 7.206908e-02
1.740000e+03 7.162325e-02
1.750000e+03 7.105489e-02
1.760000e+03 6.561075e-02
1.770000e+03 8.020944e-02
1.780000e+03 6.636704e-02
1.790000e+03 7.262766e-02
1.800000e+03 6.780455e-02
1.810000e+03 6.990102e-02
1.820000e+03 6.791443e-02
1.830000e+03 6.834752e-02
1.840000e+03 6.777560e-02
1.850000e+03 6.720992e-02
1.860000e+03 6.696017e-02
1.870000e+03 6.663871e-02
1.880000e+03 6.625748e-02
1.890000e+03 6.587757e-02
1.900000e+03 6.550782e-02
1.910000e+03 6.514309e-02
1.920000e+03 6.477856e-02
1.930000e+03 6.441502e-02
1.940000e+03 6.405882e-02
1.950000e+03 6.370282e-02
1.960000e+03 6.334549e-02
1.970000e+03 6.298851e-02
1.980000e+03 6.263123e-02
1.990000e+03 6.226197e-02
2.000000e+03 6.161382e-02
2.010000e+03 5.512335e-02
2.020000e+03 5.726328e-02
2.030000e+03 5.860438e-02
2.040000e+03 6.399793e-02
2.050000e+03 5.806539e-02
2.060000e+03 6.199695e-02
2.070000e+03 5.876419e-02
2.080000e+03 5.957678e-02
2.090000e+03 5.943043e-02
2.100000e+03 5.861764e-02
2.110000e+03 5.836352e-02
2.120000e+03 5.818563e-02
2.130000e+03 5.789818e-02
2.140000e+03 5.756835e-02
2.150000e+03 5.723856e-02
2.160000e+03 5.691416e-02
2.170000e+03 5.659096e-02
2.180000e+03 5.626716e-02
2.190000e+03 5.594607e-02
2.200000e+03 5.563083e-02
2.210000e+03 5.531373e-02
2.220000e+03 5.499499e-02
2.230000e+03 5.467881e-02
2.240000e+03 5.436308e-02
2.250000e+03 5.404834e-02
2.260000e+03 5.373872e-02
2.270000e+03 5.349806e-02
2.280000e+03 5.550535e-02
2.290000e+03 7.783428e-02
2.300000e+03 4.691841e-02
2.310000e+03 6.262689e-02
2.320000e+03 4.945929e-02
2.330000e+03 5.270174e-02
2.340000e+03 5.206669e-02
2.350000e+03 5.122221e-02
2.360000e+03 5.150803e-02
2.370000e+03 5.102144e-02
2.380000e+03 5.073998e-02
2.390000e+03 5.068221e-02
2.400000e+03 5.023625e-02
2.410000e+03 5.009458e-02
2.420000e+03 4.985435e-02
2.430000e+03 4.957291e-02
2.440000e+03 4.933252e-02
2.450000e+03 4.910004e-02
2.460000e+03 4.886097e-02
2.470000e+03 4.861991e-02
2.480000e+03 4.838054e-02
2.490000e+03 4.814345e-02
2.500000e+03 4.790845e-02
2.510000e+03 4.767537e-02
2.520000e+03 4.744419e-02
2.530000e+03 4.721505e-02
2.540000e+03 4.698818e-02
2.550000e+03 4.676357e-02
2.560000e+03 4.654104e-02
2.570000e+03 4.632086e-02
2.580000e+03 4.610300e-02
2.590000e+03 4.588757e-02
2.600000e+03 4.567457e-02
2.610000e+03 4.546407e-02
2.620000e+03 4.525634e-02
2.630000e+03 4.505592e-02
2.640000e+03 4.500424e-02
2.650000e+03 5.397998e-02
2.660000e+03 4.952057e-02
2.670000e+03 5.646214e-02
2.680000e+03 4.662637e-02
2.690000e+03 4.113379e-02
2.700000e+03 4.621555e-02
2.710000e+03 4.440302e-02
2.720000e+03 4.301868e-02
2.730000e+03 4.420017e-02
2.740000e+03 4.327036e-02
2.750000e+03 4.335673e-02
2.760000e+03 4.314112e-02
2.770000e+03 4.296237e-02
2.780000e+03 4.280725e-02
2.790000e+03 4.264211e-02
2.800000e+03 4.246643e-02
2.810000e+03 4.231795e-02
2.820000e+03 4.214421e-02
2.830000e+03 4.199031e-02
2.840000e+03 4.183289e-02
2.850000e+03 4.167496e-02
2.860000e+03 4.152168e-02
2.870000e+03 4.137034e-02
2.880000e+03 4.122030e-02
2.890000e+03 4.107219e-02
2.900000e+03 4.092621e-02
2.910000e+03 4.078233e-02
2.920000e+03 4.064048e-02
2.930000e+03 4.050066e-02
2.940000e+03 4.036286e-02
2.950000e+03 4.022705e-02
2.960000e+03 4.009323e-02
2.970000e+03 3.996136e-02
2.980000e+03 3.983140e-02
2.990000e+03 3.970330e-02
3.000000e+03 3.957700e-02
3.010000e+03 3.945245e-02
3.020000e+03 3.932957e-02
3.030000e+03 3.920827e-02
3.040000e+03 3.908847e-02
3.050000e+03 3.897007e-02
3.060000e+03 3.885297e-02
3.070000e+03 3.873705e-02
3.080000e+03 3.862220e-02
3.090000e+03 3.850826e-02
3.100000e+03 3.839308e-02
3.110000e+03 3.819355e-02
3.120000e+03 3.745292e-02
3.130000e+03 6.122334e-02
3.140000e+03 3.706702e-02
3.150000e+03 3.714301e-02
3.160000e+03 4.155636e-02
3.170000e+03 3.892778e-02
3.180000e+03 3.698280e-02
3.190000e+03 3.803318e-02
3.200000e+03 3.788609e-02
3.210000e+03 3.733179e-02
3.220000e+03 3.754446e-02
3.230000e+03 3.732107e-02
3.240000e+03 3.722023e-02
3.250000e+03 3.714603e-02
3.260000e+03 3.701883e-02
3.270000e+03 3.694303e-02
3.280000e+03 3.683916e-02
3.290000e+03 3.675683e-02
3.300000e+03 3.667053e-02
3.310000e+03 3.659733e-02
3.320000e+03 3.652577e-02
3.330000e+03 3.645518e-02
3.340000e+03 3.638605e-02
3.350000e+03 3.631535e-02
3.360000e+03 3.624521e-02
3.370000e+03 3.617554e-02
3.380000e+03 3.610517e-02
3.390000e+03 3.603454e-02
3.400000e+03 3.596351e-02
3.410000e+03 3.589182e-02
3.420000e+03 3.581946e-02
3.430000e+03 3.574634e-02
3.440000e+03 3.567246e-02
3.450000e+03 3.559782e-02
3.460000e+03 3.552241e-02
3.470000e+03 3.544627e-02
3.480000e+03 3.536942e-02
3.490000e+03 3.529185e-02
3.500000e+03 3.521355e-02
3.510000e+03 3.513450e-02
3.520000e+03 3.505462e-02
3.530000e+03 3.497384e-02
3.540000e+03 3.489205e-02
3.550000e+03 3.480917e-02
3.560000e+03 3.472517e-02
3.570000e+03 3.464007e-02
3.580000e+03 3.455400e-02
3.590000e+03 3.446719e-02
3.600000e+03 3.438001e-02
3.610000e+03 3.429290e-02
3.620000e+03 3.420638e-02
3.630000e+03 3.412092e-02
3.640000e+03 3.403698e-02
3.650000e+03 3.395488e-02
3.660000e+03 3.387490e-02
3.670000e+03 3.379727e-02
3.680000e+03 3.372231e-02
3.690000e+03 3.365036e-02
3.700000e+03 3.358152e-02
3.710000e+03 3.351551e-02
3.720000e+03 3.345191e-02
3.730000e+03 3.339054e-02
3.740000e+03 3.333150e-02
3.750000e+03 3.327497e-02
3.760000e+03 3.322110e-02
3.770000e+03 3.317011e-02
3.780000e+03 3.312046e-02
3.790000e+03 3.297551e-02
3.800000e+03 5.158773e-02
3.810000e+03 7.881704e-02
3.820000e+03 5.109524e-02
3.830000e+03 3.808248e-02
3.840000e+03 3.306421e-02
3.850000e+03 3.301030e-02
3.860000e+03 3.345746e-02
3.870000e+03 3.347441e-02
3.880000e+03 3.329008e-02
3.890000e+03 3.312399e-02
3.900000e+03 3.298853e-02
3.910000e+03 3.288578e-02
3.920000e+03 3.281065e-02
3.930000e+03 3.274163e-02
3.940000e+03 3.267822e-02
3.950000e+03 3.261788e-02
3.960000e+03 3.255781e-02
3.970000e+03 3.249836e-02
3.980000e+03 3.243893e-02
3.990000e+03 3.238003e-02
4.000000e+03 3.232125e-02
4.010000e+03 3.226269e-02
4.020000e+03 3.220447e-02
4.030000e+03 3.214650e-02
4.040000e+03 3.208855e-02
4.050000e+03 3.203023e-02
4.060000e+03 3.197116e-02
4.070000e+03 3.191106e-02
4.080000e+03 3.184989e-02
4.090000e+03 3.178757e-02
4.100000e+03 3.172180e-02
4.110000e+03 3.165762e-02
4.120000e+03 3.159396e-02
4.130000e+03 3.153118e-02
4.140000e+03 3.146823e-02
4.150000e+03 3.140598e-02
4.160000e+03 3.134430e-02
4.170000e+03 3.128300e-02
4.180000e+03 3.122193e-02
4.190000e+03 3.116097e-02
4.200000e+03 3.109990e-02
4.210000e+03 3.103853e-02
4.220000e+03 3.097667e-02
4.230000e+03 3.091420e-02
4.240000e+03 3.085114e-02
4.250000e+03 3.078755e-02
4.260000e+03 3.072359e-02
4.270000e+03 3.065942e-02
4.280000e+03 3.059520e-02
4.290000e+03 3.053104e-02
4.300000e+03 3.046702e-02
4.310000e+03 3.040320e-02
4.320000e+03 3.033958e-02
4.330000e+03 3.027614e-02
4.340000e+03 3.021281e-02
4.350000e+03 3.014951e-02
4.360000e+03 3.008614e-02
4.370000e+03 3.002257e-02
4.380000e+03 2.995869e-02
4.390000e+03 2.989438e-02
4.400000e+03 2.982955e-02
4.410000e+03 2.976413e-02
4.420000e+03 2.969811e-02
4.430000e+03 2.963151e-02
4.440000e+03 2.956439e-02
4.450000e+03 2.949682e-02
4.460000e+03 2.942889e-02
4.470000e+03 2.936069e-02
4.480000e+03 2.929229e-02
4.490000e+03 2.922373e-02
4.500000e+03 2.915507e-02
4.510000e+03 2.908630e-02
4.520000e+03 2.901743e-02
4.530000e+03 2.894843e-02
4.540000e+03 2.887928e-02
4.550000e+03 2.880991e-02
4.560000e+03 2.874028e-02
4.570000e+03 2.867032e-02
4.580000e+03 2.859997e-02
4.590000e+03 2.852917e-02
4.600000e+03 2.845788e-02
4.610000e+03 2.838606e-02
4.620000e+03 2.831370e-02
4.630000e+03 2.824078e-02
4.640000e+03 2.816734e-02
4.650000e+03 2.809338e-02
4.660000e+03 2.801871e-02
4.670000e+03 2.792582e-02
4.680000e+03 2.772340e-02
4.690000e+03 2.772259e-02
4.700000e+03 7.734847e-02
4.710000e+03 3.224567e-02
4.720000e+03 2.841171e-02
4.730000e+03 3.276751e-02
4.740000e+03 2.758697e-02
4.750000e+03 2.744867e-02
4.760000e+03 2.785975e-02
4.770000e+03 2.737511e-02
4.780000e+03 2.723958e-02
4.790000e+03 2.729740e-02
4.800000e+03 2.712596e-02
4.810000e+03 2.706780e-02
4.820000e+03 2.698989e-02
4.830000e+03 2.689664e-02
4.840000e+03 2.682604e-02
4.850000e+03 2.673854e-02
4.860000e+03 2.666259e-02
4.870000e+03 2.658047e-02
4.880000e+03 2.650274e-02
4.890000e+03 2.642339e-02
4.900000e+03 2.634590e-02
4.910000e+03 2.626834e-02
4.920000e+03 2.619179e-02
4.930000e+03 2.611575e-02
4.940000e+03 2.604040e-02
4.950000e+03 2.596575e-02
4.960000e+03 2.589173e-02
4.970000e+03 2.581841e-02
4.980000e+03 2.574578e-02
4.990000e+03 2.567384e-02
5.000000e+03 2.560259e-02
5.010000e+03 2.553205e-02
5.020000e+03 2.546222e-02
5.030000e+03 2.539310e-02
5.040000e+03 2.532469e-02
5.050000e+03 2.525701e-02
5.060000e+03 2.519005e-02
5.070000e+03 2.512382e-02
5.080000e+03 2.505832e-02
5.090000e+03 2.499355e-02
5.100000e+03 2.492951e-02
5.110000e+03 2.486620e-02
5.120000e+03 2.480363e-02
5.130000e+03 2.474179e-02
5.140000e+03 2.468068e-02
5.150000e+03 2.462029e-02
5.160000e+03 2.456063e-02
5.170000e+03 2.450169e-02
5.180000e+03 2.444346e-02
5.190000e+03 2.438594e-02
5.200000e+03 2.432913e-02
5.210000e+03 2.427302e-02
5.220000e+03 2.421759e-02
5.230000e+03 2.416285e-02
5.240000e+03 2.410878e-02
5.250000e+03 2.405538e-02
5.260000e+03 2.400263e-02
5.270000e+03 2.395053e-02
5.280000e+03 2.389906e-02
5.290000e+03 2.384822e-02
5.300000e+03 2.379799e-02
5.310000e+03 2.374836e-02
5.320000e+03 2.369932e-02
5.330000e+03 2.365086e-02
5.340000e+03 2.360296e-02
5.350000e+03 2.355562e-02
5.360000e+03 2.350881e-02
5.370000e+03 2.346252e-02
5.380000e+03 2.341675e-02
5.390000e+03 2.337148e-02
5.400000e+03 2.332670e-02
5.410000e+03 2.328225e-02
5.420000e+03 2.323285e-02
5.430000e+03 2.335290e-02
5.440000e+03 8.025510e-02
5.450000e+03 2.335510e-02
5.460000e+03 3.309954e-02
5.470000e+03 2.882198e-02
5.480000e+03 2.507830e-02
5.490000e+03 2.345584e-02
5.500000e+03 2.306514e-02
5.510000e+03 2.302967e-02
5.520000e+03 2.301031e-02
5.530000e+03 2.294730e-02
5.540000e+03 2.289320e-02
5.550000e+03 2.284362e-02
5.560000e+03 2.280027e-02
5.570000e+03 2.275703e-02
5.580000e+03 2.271488e-02
5.590000e+03 2.267434e-02
5.600000e+03 2.263468e-02
5.610000e+03 2.259630e-02
5.620000e+03 2.255904e-02
5.630000e+03 2.252279e-02
5.640000e+03 2.248747e-02
5.650000e+03 2.245303e-02
5.660000e+03 2.241941e-02
5.670000e+03 2.238656e-02
5.680000e+03 2.235444e-02
5.690000e+03 2.232299e-02
5.700000e+03 2.229218e-02
5.710000e+03 2.226196e-02
5.720000e+03 2.223231e-02
5.730000e+03 2.220318e-02
5.740000e+03 2.217455e-02
5.750000e+03 2.214639e-02
5.760000e+03 2.211868e-02
5.770000e+03 2.209140e-02
5.780000e+03 2.206452e-02
5.790000e+03 2.203802e-02
5.800000e+03 2.201189e-02
5.810000e+03 2.198610e-02
5.820000e+03 2.196065e-02
5.830000e+03 2.193552e-02
5.840000e+03 2.191069e-02
5.850000e+03 2.188616e-02
5.860000e+03 2.186191e-02
5.870000e+03 2.183793e-02
5.880000e+03 2.181421e-02
5.890000e+03 2.179074e-02
5.900000e+03 2.176752e-02
5.910000e+03 2.174453e-02
5.920000e+03 2.172176e-02
5.930000e+03 2.169922e-02
5.940000e+03 2.167690e-02
5.950000e+03 2.165478e-02
5.960000e+03 2.163287e-02
5.970000e+03 2.161115e-02
5.980000e+03 2.158963e-02
5.990000e+03 2.156829e-02
6.000000e+03 2.154712e-02
6.010000e+03 2.152546e-02
6.020000e+03 2.147511e-02
6.030000e+03 2.105994e-02
6.040000e+03 2.104621e-02
6.050000e+03 2.166938e-02
6.060000e+03 2.152990e-02
6.070000e+03 2.129467e-02
6.080000e+03 2.144781e-02
6.090000e+03 2.137264e-02
6.100000e+03 2.131738e-02
6.110000e+03 2.133600e-02
6.120000e+03 2.131768e-02
6.130000e+03 2.128628e-02
6.140000e+03 2.126921e-02
6.150000e+03 2.125453e-02
6.160000e+03 2.123722e-02
6.170000e+03 2.121852e-02
6.180000e+03 2.120039e-02
6.190000e+03 2.118281e-02
6.200000e+03 2.116564e-02
6.210000e+03 2.114860e-02
6.220000e+03 2.113166e-02
6.230000e+03 2.111492e-02
6.240000e+03 2.109903e-02
6.250000e+03 2.109245e-02
6.260000e+03 2.142601e-02
6.270000e+03 5.807049e-02
6.280000e+03 4.077156e-02
6.290000e+03 2.243902e-02
6.300000e+03 2.108990e-02
6.310000e+03 2.099402e-02
6.320000e+03 2.084660e-02
6.330000e+03 2.099602e-02
6.340000e+03 2.086488e-02
6.350000e+03 2.093231e-02
6.360000e+03 2.085975e-02
6.370000e+03 2.085331e-02
6.380000e+03 2.083806e-02
6.390000e+03 2.081833e-02
6.400000e+03 2.080795e-02
6.410000e+03 2.079399e-02
6.420000e+03 2.077993e-02
6.430000e+03 2.076754e-02
6.440000e+03 2.075514e-02
6.450000e+03 2.074273e-02
6.460000e+03 2.073062e-02
6.470000e+03 2.071876e-02
6.480000e+03 2.070710e-02
6.490000e+03 2.069558e-02
6.500000e+03 2.068423e-02
6.510000e+03 2.067303e-02
6.520000e+03 2.066198e-02
6.530000e+03 2.065106e-02
6.540000e+03 2.064027e-02
6.550000e+03 2.062960e-02
6.560000e+03 2.061905e-02
6.570000e+03 2.060860e-02
6.580000e+03 2.059825e-02
6.590000e+03 2.058800e-02
6.600000e+03 2.057784e-02
6.610000e+03 2.056776e-02
6.620000e+03 2.055776e-02
6.630000e+03 2.054784e-02
6.640000e+03 2.053799e-02
6.650000e+03 2.052820e-02
6.660000e+03 2.051847e-02
6.670000e+03 2.050880e-02
6.680000e+03 2.049919e-02
6.690000e+03 2.048962e-02
6.700000e+03 2.048010e-02
6.710000e+03 2.047062e-02
6.720000e+03 2.046118e-02
6.730000e+03 2.045178e-02
6.740000e+03 2.044241e-02
6.750000e+03 2.043308e-02
6.760000e+03 2.042377e-02
6.770000e+03 2.041449e-02
6.780000e+03 2.040523e-02
6.790000e+03 2.039600e-02
6.800000e+03 2.038678e-02
6.810000e+03 2.037756e-02
6.820000e+03 2.037205e-02
6.830000e+03 2.373065e-02
6.840000e+03 6.860645e-02
6.850000e+03 3.784773e-02
6.860000e+03 2.927770e-02
6.870000e+03 1.966747e-02
6.880000e+03 2.102082e-02
6.890000e+03 2.058287e-02
6.900000e+03 2.000149e-02
6.910000e+03 2.027372e-02
6.920000e+03 2.018774e-02
6.930000e+03 2.010336e-02
6.940000e+03 2.013004e-02
6.950000e+03 2.013380e-02
6.960000e+03 2.012105e-02
6.970000e+03 2.011670e-02
6.980000e+03 2.011552e-02
6.990000e+03 2.011088e-02
7.000000e+03 2.010545e-02
7.010000e+03 2.010141e-02
7.020000e+03 2.009764e-02
7.030000e+03 2.009301e-02
7.040000e+03 2.008830e-02
7.050000e+03 2.008385e-02
7.060000e+03 2.007927e-02
7.070000e+03 2.007462e-02
7.080000e+03 2.006990e-02
7.090000e+03 2.006513e-02
7.100000e+03 2.006032e-02
7.110000e+03 2.005546e-02
7.120000e+03 2.005057e-02
7.130000e+03 2.004562e-02
7.140000e+03 2.004064e-02
7.150000e+03 2.003563e-02
7.160000e+03 2.003058e-02
7.170000e+03 2.002549e-02
7.180000e+03 2.002038e-02
7.190000e+03 2.001523e-02
7.200000e+03 2.001006e-02
7.210000e+03 2.000486e-02
7.220000e+03 1.999964e-02
7.230000e+03 1.999438e-02
7.240000e+03 1.998911e-02
7.250000e+03 1.998381e-02
7.260000e+03 1.997849e-02
7.270000e+03 1.997314e-02
7.280000e+03 1.996777e-02
7.290000e+03 1.996238e-02
7.300000e+03 1.995697e-02
7.310000e+03 1.995154e-02
7.320000e+03 1.994609e-02
7.330000e+03 1.994061e-02
7.340000e+03 1.993512e-02
7.350000e+03 1.992960e-02
7.360000e+03 1.992407e-02
7.370000e+03 1.991851e-02
7.380000e+03 1.991294e-02
7.390000e+03 1.990734e-02
7.400000e+03 1.990172e-02
7.410000e+03 1.989609e-02
7.420000e+03 1.989043e-02
7.430000e+03 1.988476e-02
7.440000e+03 1.987907e-02
7.450000e+03 1.987335e-02
7.460000e+03 1.986762e-02
7.470000e+03 1.986187e-02
7.480000e+03 1.985610e-02
7.490000e+03 1.985032e-02
7.500000e+03 1.984451e-02
7.510000e+03 1.983869e-02
7.520000e+03 1.983285e-02
7.530000e+03 1.982700e-02
7.540000e+03 1.982113e-02
7.550000e+03 1.981524e-02
7.560000e+03 1.980934e-02
7.570000e+03 1.980342e-02
7.580000e+03 1.979749e-02
7.590000e+03 1.979155e-02
7.600000e+03 1.978560e-02
7.610000e+03 1.977963e-02
7.620000e+03 1.977366e-02
7.630000e+03 1.976767e-02
7.640000e+03 1.976161e-02
7.650000e+03 1.975333e-02
7.660000e+03 1.996797e-02
7.670000e+03 1.049963e-01
7.680000e+03 4.981973e-02
7.690000e+03 3.577906e-02
7.700000e+03 2.410798e-02
7.710000e+03 2.014383e-02
7.720000e+03 1.933895e-02
7.730000e+03 1.933228e-02
7.740000e+03 1.942462e-02
7.750000e+03 1.949112e-02
7.760000e+03 1.952002e-02
7.770000e+03 1.951077e-02
7.780000e+03 1.948917e-02
7.790000e+03 1.946527e-02
7.800000e+03 1.945300e-02
7.810000e+03 1.945451e-02
7.820000e+03 1.946313e-02
7.830000e+03 1.946925e-02
7.840000e+03 1.946998e-02
7.850000e+03 1.946867e-02
7.860000e+03 1.946888e-02
7.870000e+03 1.947028e-02
7.880000e+03 1.947098e-02
7.890000e+03 1.947095e-02
7.900000e+03 1.947096e-02
7.910000e+03 1.947103e-02
7.920000e+03 1.947084e-02
7.930000e+03 1.947048e-02
7.940000e+03 1.947006e-02
7.950000e+03 1.946950e-02
7.960000e+03 1.946883e-02
7.970000e+03 1.946806e-02
7.980000e+03 1.946719e-02
7.990000e+03 1.946623e-02
8.000000e+03 1.946518e-02
8.010000e+03 1.946405e-02
8.020000e+03 1.946285e-02
8.030000e+03 1.946157e-02
8.040000e+03 1.946022e-02
8.050000e+03 1.945881e-02
8.060000e+03 1.945734e-02
8.070000e+03 1.945580e-02
8.080000e+03 1.945421e-02
8.090000e+03 1.945257e-02
8.100000e+03 1.945087e-02
8.110000e+03 1.944913e-02
8.120000e+03 1.944733e-02
8.130000e+03 1.944550e-02
8.140000e+03 1.944361e-02
8.150000e+03 1.944169e-02
8.160000e+03 1.943972e-02
8.170000e+03 1.943772e-02
8.180000e+03 1.943567e-02
8.190000e+03 1.943359e-02
8.200000e+03 1.943148e-02
8.210000e+03 1.942933e-02
8.220000e+03 1.942714e-02
8.230000e+03 1.942493e-02
8.240000e+03 1.942268e-02
8.250000e+03 1.942040e-02
8.260000e+03 1.941810e-02
8.270000e+03 1.941576e-02
8.280000e+03 1.941340e-02
8.290000e+03 1.941102e-02
8.300000e+03 1.940861e-02
8.310000e+03 1.940617e-02
8.320000e+03 1.940371e-02
8.330000e+03 1.940123e-02
8.340000e+03 1.939873e-02
8.350000e+03 1.939621e-02
8.360000e+03 1.939367e-02
8.370000e+03 1.939111e-02
8.380000e+03 1.938854e-02
8.390000e+03 1.938595e-02
8.400000e+03 1.938334e-02
8.410000e+03 1.938072e-02
8.420000e+03 1.937808e-02
8.430000e+03 1.937544e-02
8.440000e+03 1.937278e-02
8.450000e+03 1.937011e-02
8.460000e+03 1.936743e-02
8.470000e+03 1.936475e-02
8.480000e+03 1.936205e-02
8.490000e+03 1.935935e-02
8.500000e+03 1.935664e-02
8.510000e+03 1.935393e-02
8.520000e+03 1.935121e-02
8.530000e+03 1.934849e-02
8.540000e+03 1.934577e-02
8.550000e+03 1.934305e-02
8.560000e+03 1.934038e-02
8.570000e+03 1.933992e-02
8.580000e+03 1.945306e-02
8.590000e+03 3.312283e-02
8.600000e+03 2.400375e-02
8.610000e+03 2.835213e-02
8.620000e+03 2.404875e-02
8.630000e+03 2.176448e-02
8.640000e+03 1.946946e-02
8.650000e+03 1.930418e-02
8.660000e+03 1.896160e-02
8.670000e+03 1.917141e-02
8.680000e+03 1.910733e-02
8.690000e+03 1.908066e-02
8.700000e+03 1.907854e-02
8.710000e+03 1.909149e-02
8.720000e+03 1.909981e-02
8.730000e+03 1.911071e-02
8.740000e+03 1.911645e-02
8.750000e+03 1.911942e-02
8.760000e+03 1.912497e-02
8.770000e+03 1.913023e-02
8.780000e+03 1.913485e-02
8.790000e+03 1.913950e-02
8.800000e+03 1.914348e-02
8.810000e+03 1.914738e-02
8.820000e+03 1.915100e-02
8.830000e+03 1.915447e-02
8.840000e+03 1.915779e-02
8.850000e+03 1.916096e-02
8.860000e+03 1.916400e-02
8.870000e+03 1.916692e-02
8.880000e+03 1.916973e-02
8.890000e+03 1.917243e-02
8.900000e+03 1.917503e-02
8.910000e+03 1.917754e-02
8.920000e+03 1.917996e-02
8.930000e+03 1.918231e-02
8.940000e+03 1.918458e-02
8.950000e+03 1.918678e-02
8.960000e+03 1.918892e-02
8.970000e+03 1.919099e-02
8.980000e+03 1.919301e-02
8.990000e+03 1.919497e-02
9.000000e+03 1.919689e-02
9.010000e+03 1.919875e-02
9.020000e+03 1.920057e-02
9.030000e+03 1.920235e-02
9.040000e+03 1.920408e-02
9.050000e+03 1.920577e-02
9.060000e+03 1.920743e-02
9.070000e+03 1.920905e-02
9.080000e+03 1.921064e-02
9.090000e+03 1.921220e-02
9.100000e+03 1.921372e-02
9.110000e+03 1.921522e-02
9.120000e+03 1.921668e-02
9.130000e+03 1.921812e-02
9.140000e+03 1.921953e-02
9.150000e+03 1.922092e-02
9.160000e+03 1.922229e-02
9.170000e+03 1.922363e-02
9.180000e+03 1.922494e-02
9.190000e+03 1.922624e-02
9.200000e+03 1.922752e-02
9.210000e+03 1.922877e-02
9.220000e+03 1.923001e-02
9.230000e+03 1.923123e-02
9.240000e+03 1.923243e-02
9.250000e+03 1.923362e-02
9.260000e+03 1.923479e-02
9.270000e+03 1.923595e-02
9.280000e+03 1.923709e-02
9.290000e+03 1.923822e-02
9.300000e+03 1.923933e-02
9.310000e+03 1.924044e-02
9.320000e+03 1.924153e-02
9.330000e+03 1.924261e-02
9.340000e+03 1.924368e-02
9.350000e+03 1.924475e-02
9.360000e+03 1.924580e-02
9.370000e+03 1.924685e-02
9.380000e+03 1.924785e-02
9.390000e+03 1.924752e-02
9.400000e+03 1.925878e-02
9.410000e+03 8.386053e-02
9.420000e+03 2.972467e-02
9.430000e+03 3.121077e-02
9.440000e+03 1.979683e-02
9.450000e+03 2.060502e-02
9.460000e+03 1.972026e-02
9.470000e+03 1.904925e-02
9.480000e+03 1.903005e-02
9.490000e+03 1.907585e-02
9.500000e+03 1.908290e-02
9.510000e+03 1.904001e-02
9.520000e+03 1.904811e-02
9.530000e+03 1.906593e-02
9.540000e+03 1.906584e-02
9.550000e+03 1.906800e-02
9.560000e+03 1.907472e-02
9.570000e+03 1.907802e-02
9.580000e+03 1.908229e-02
9.590000e+03 1.908698e-02
9.600000e+03 1.909076e-02
9.610000e+03 1.909501e-02
9.620000e+03 1.909894e-02
9.630000e+03 1.910288e-02
9.640000e+03 1.910678e-02
9.650000e+03 1.911063e-02
9.660000e+03 1.911447e-02
9.670000e+03 1.911826e-02
9.680000e+03 1.912204e-02
9.690000e+03 1.912578e-02
9.700000e+03 1.912951e-02
9.710000e+03 1.913321e-02
9.720000e+03 1.913690e-02
9.730000e+03 1.914057e-02
9.740000e+03 1.914423e-02
9.750000e+03 1.914788e-02
9.760000e+03 1.915152e-02
9.770000e+03 1.915515e-02
9.780000e+03 1.915877e-02
9.790000e+03 1.916238e-02
9.800000e+03 1.916598e-02
9.810000e+03 1.916958e-02
9.820000e+03 1.917317e-02
9.830000e+03 1.917675e-02
9.840000e+03 1.918033e-02
9.850000e+03 1.918390e-02
9.860000e+03 1.918746e-02
9.870000e+03 1.919102e-02
9.880000e+03 1.919456e-02
9.890000e+03 1.919796e-02
9.900000e+03 1.919779e-02
9.910000e+03 1.908370e-02
9.920000e+03 1.845718e-02
9.930000e+03 1.919421e-02
9.940000e+03 1.970030e-02
9.950000e+03 1.904072e-02
9.960000e+03 1.913439e-02
9.970000e+03 1.931086e-02
9.980000e+03 1.922654e-02
9.990000e+03 1.919566e-02
1.000000e+04 1.923389e-02
