1.000000e+01 3.049882e-01
2.000000e+01 4.065280e-01
3.000000e+01 4.033733e-01
4.000000e+01 3.733956e-01
5.000000e+01 3.081895e-01
6.000000e+01 3.299883e-01
7.000000e+01 3.264072e-01
8.000000e+01 3.027379e-01
9.000000e+01 3.137142e-01
1.000000e+02 3.063343e-01
1.100000e+02 3.022856e-01
1.200000e+02 3.030419e-01
1.300000e+02 2.989226e-01
1.400000e+02 2.983144e-01
1.500000e+02 2.988622e-01
1.600000e+02 3.001088e-01
1.700000e+02 3.010607e-01
1.800000e+02 3.020450e-01
1.900000e+02 3.026967e-01
2.000000e+02 3.033264e-01
2.100000e+02 3.037561e-01
2.200000e+02 3.041198e-01
2.300000e+02 3.043599e-01
2.400000e+02 3.045336e-01
2.500000e+02 3.045339e-01
2.600000e+02 3.043124e-01
2.700000e+02 3.041516e-01
2.800000e+02 3.039529e-01
2.900000e+02 3.037763e-01
3.000000e+02 3.036248e-01
3.100000e+02 3.034691e-01
3.200000e+02 3.033219e-01
3.300000e+02 3.031730e-01
3.400000e+02 3.030235e-01
3.500000e+02 3.028749e-01
3.600000e+02 3.027253e-01
3.700000e+02 3.025746e-01
3.800000e+02 3.024237e-01
3.900000e+02 3.022728e-01
4.000000e+02 3.021225e-01
4.100000e+02 3.019735e-01
4.200000e+02 3.018268e-01
4.300000e+02 3.016833e-01
4.400000e+02 3.015441e-01
4.500000e+02 3.014099e-01
4.600000e+02 3.012812e-01
4.700000e+02 3.011581e-01
4.800000e+02 3.010400e-01
4.900000e+02 3.009256e-01
5.000000e+02 3.008130e-01
5.100000e+02 3.006998e-01
5.200000e+02 3.005830e-01
5.300000e+02 3.004594e-01
5.400000e+02 3.003255e-01
5.500000e+02 3.001778e-01
5.600000e+02 3.000128e-01
5.700000e+02 2.998273e-01
5.800000e+02 2.996185e-01
5.900000e+02 2.993843e-01
6.000000e+02 2.991234e-01
6.100000e+02 2.988358e-01
6.200000e+02 2.985225e-01
6.300000e+02 2.981857e-01
6.400000e+02 2.978288e-01
6.500000e+02 2.974562e-01
6.600000e+02 2.970729e-01
6.700000e+02 2.966846e-01
6.800000e+02 2.962968e-01
6.900000e+02 2.959143e-01
7.000000e+02 2.955414e-01
7.100000e+02 2.951822e-01
7.200000e+02 2.948403e-01
7.300000e+02 2.945186e-01
7.400000e+02 2.942192e-01
7.500000e+02 2.939400e-01
7.600000e+02 2.939554e-01
7.700000e+02 2.939796e-01
7.800000e+02 2.939043e-01
7.900000e+02 2.937861e-01
8.000000e+02 2.936475e-01
8.100000e+02 2.934789e-01
8.200000e+02 2.932890e-01
8.300000e+02 2.930794e-01
8.400000e+02 2.928500e-01
8.500000e+02 2.926074e-01
8.600000e+02 2.924254e-01
8.700000e+02 2.923805e-01
8.800000e+02 2.923363e-01
8.900000e+02 2.922904e-01
9.000000e+02 2.922411e-01
9.100000e+02 2.921866e-01
9.200000e+02 2.921256e-01
9.300000e+02 2.920572e-01
9.400000e+02 2.919810e-01
9.500000e+02 2.918965e-01
9.600000e+02 2.918038e-01
9.700000e+02 2.917029e-01
9.800000e+02 2.915941e-01
9.900000e+02 2.914779e-01
1.000000e+03 2.913547e-01
1.010000e+03 2.912251e-01
1.020000e+03 2.910896e-01
1.030000e+03 2.909490e-01
1.040000e+03 2.908038e-01
1.050000e+03 2.906546e-01
1.060000e+03 2.905020e-01
1.070000e+03 2.903465e-01
1.080000e+03 2.901886e-01
1.090000e+03 2.900286e-01
1.100000e+03 2.898669e-01
1.110000e+03 2.897038e-01
1.120000e+03 2.895394e-01
1.130000e+03 2.893740e-01
1.140000e+03 2.892077e-01
1.150000e+03 2.890405e-01
1.160000e+03 2.888726e-01
1.170000e+03 2.887040e-01
1.180000e+03 2.885347e-01
1.190000e+03 2.883649e-01
1.200000e+03 2.881945e-01
1.210000e+03 2.880236e-01
1.220000e+03 2.878522e-01
1.230000e+03 2.876805e-01
1.240000e+03 2.875085e-01
1.250000e+03 2.873363e-01
1.260000e+03 2.871639e-01
1.270000e+03 2.869915e-01
1.280000e+03 2.868192e-01
1.290000e+03 2.866471e-01
1.300000e+03 2.864753e-01
1.310000e+03 2.863291e-01
1.320000e+03 2.861683e-01
1.330000e+03 2.859600e-01
1.340000e+03 2.857629e-01
1.350000e+03 2.855725e-01
1.360000e+03 2.853778e-01
1.370000e+03 2.851798e-01
1.380000e+03 2.849811e-01
1.390000e+03 2.847785e-01
1.400000e+03 2.845747e-01
1.410000e+03 2.843694e-01
1.420000e+03 2.841625e-01
1.430000e+03 2.839540e-01
1.440000e+03 2.837440e-01
1.450000e+03 2.835326e-01
1.460000e+03 2.833199e-01
1.470000e+03 2.831060e-01
1.480000e+03 2.828907e-01
1.490000e+03 2.826743e-01
1.500000e+03 2.824567e-01
1.510000e+03 2.822379e-01
1.520000e+03 2.820179e-01
1.530000e+03 2.817968e-01
1.540000e+03 2.815746e-01
1.550000e+03 2.813512e-01
1.560000e+03 2.811266e-01
1.570000e+03 2.809009e-01
1.580000e+03 2.806739e-01
1.590000e+03 2.804458e-01
1.600000e+03 2.802165e-01
1.610000e+03 2.799859e-01
1.620000e+03 2.797541e-01
1.630000e+03 2.795209e-01
1.640000e+03 2.792865e-01
1.650000e+03 2.790507e-01
1.660000e+03 2.788136e-01
1.670000e+03 2.785751e-01
1.680000e+03 2.783351e-01
1.690000e+03 2.780937e-01
1.700000e+03 2.778508e-01
1.710000e+03 2.776064e-01
1.720000e+03 2.773605e-01
1.730000e+03 2.771129e-01
1.740000e+03 2.768639e-01
1.750000e+03 2.766290e-01
1.760000e+03 2.781591e-01
1.770000e+03 2.770209e-01
1.780000e+03 2.765419e-01
1.790000e+03 2.757553e-01
1.800000e+03 2.756056e-01
1.810000e+03 2.750385e-01
1.820000e+03 2.749904e-01
1.830000e+03 2.746236e-01
1.840000e+03 2.743975e-01
1.850000e+03 2.741675e-01
1.860000e+03 2.738949e-01
1.870000e+03 2.736301e-01
1.880000e+03 2.733789e-01
1.890000e+03 2.731558e-01
1.900000e+03 2.729321e-01
1.910000e+03 2.727072e-01
1.920000e+03 2.724800e-01
1.930000e+03 2.722511e-01
1.940000e+03 2.720211e-01
1.950000e+03 2.717891e-01
1.960000e+03 2.715547e-01
1.970000e+03 2.713182e-01
1.980000e+03 2.710796e-01
1.990000e+03 2.708369e-01
2.000000e+03 2.705498e-01
2.010000e+03 2.712532e-01
2.020000e+03 2.701204e-01
2.030000e+03 2.695912e-01
2.040000e+03 2.700995e-01
2.050000e+03 2.690596e-01
2.060000e+03 2.694731e-01
2.070000e+03 2.688148e-01
2.080000e+03 2.687459e-01
2.090000e+03 2.685221e-01
2.100000e+03 2.682035e-01
2.110000e+03 2.679604e-01
2.120000e+03 2.677251e-01
2.130000e+03 2.674721e-01
2.140000e+03 2.672100e-01
2.150000e+03 2.669453e-01
2.160000e+03 2.666787e-01
2.170000e+03 2.664093e-01
2.180000e+03 2.661370e-01
2.190000e+03 2.658621e-01
2.200000e+03 2.655849e-01
2.210000e+03 2.653044e-01
2.220000e+03 2.650204e-01
2.230000e+03 2.647335e-01
2.240000e+03 2.644434e-01
2.250000e+03 2.641500e-01
2.260000e+03 2.638538e-01
2.270000e+03 2.635633e-01
2.280000e+03 2.635503e-01
2.290000e+03 2.651827e-01
2.300000e+03 2.625054e-01
2.310000e+03 2.634324e-01
2.320000e+03 2.617045e-01
2.330000e+03 2.618873e-01
2.340000e+03 2.615521e-01
2.350000e+03 2.611839e-01
2.360000e+03 2.609460e-01
2.370000e+03 2.606073e-01
2.380000e+03 2.602935e-01
2.390000e+03 2.600026e-01
2.400000e+03 2.596616e-01
2.410000e+03 2.593550e-01
2.420000e+03 2.590336e-01
2.430000e+03 2.587044e-01
2.440000e+03 2.583775e-01
2.450000e+03 2.580488e-01
2.460000e+03 2.577166e-01
2.470000e+03 2.573816e-01
2.480000e+03 2.570443e-01
2.490000e+03 2.567048e-01
2.500000e+03 2.563632e-01
2.510000e+03 2.560195e-01
2.520000e+03 2.556740e-01
2.530000e+03 2.553266e-01
2.540000e+03 2.549776e-01
2.550000e+03 2.546271e-01
2.560000e+03 2.542752e-01
2.570000e+03 2.539220e-01
2.580000e+03 2.535678e-01
2.590000e+03 2.532127e-01
2.600000e+03 2.528568e-01
2.610000e+03 2.525003e-01
2.620000e+03 2.521435e-01
2.630000e+03 2.517870e-01
2.640000e+03 2.514483e-01
2.650000e+03 2.519405e-01
2.660000e+03 2.486103e-01
2.670000e+03 2.514170e-01
2.680000e+03 2.503789e-01
2.690000e+03 2.493123e-01
2.700000e+03 2.496179e-01
2.710000e+03 2.491550e-01
2.720000e+03 2.487120e-01
2.730000e+03 2.485402e-01
2.740000e+03 2.481499e-01
2.750000e+03 2.478587e-01
2.760000e+03 2.475348e-01
2.770000e+03 2.472166e-01
2.780000e+03 2.469033e-01
2.790000e+03 2.465915e-01
2.800000e+03 2.462814e-01
2.810000e+03 2.459768e-01
2.820000e+03 2.456721e-01
2.830000e+03 2.453722e-01
2.840000e+03 2.450749e-01
2.850000e+03 2.447806e-01
2.860000e+03 2.444900e-01
2.870000e+03 2.442029e-01
2.880000e+03 2.439193e-01
2.890000e+03 2.436394e-01
2.900000e+03 2.433633e-01
2.910000e+03 2.430910e-01
2.920000e+03 2.428227e-01
2.930000e+03 2.425583e-01
2.940000e+03 2.422979e-01
2.950000e+03 2.420416e-01
2.960000e+03 2.417893e-01
2.970000e+03 2.415411e-01
2.980000e+03 2.412969e-01
2.990000e+03 2.410567e-01
3.000000e+03 2.408205e-01
3.010000e+03 2.405882e-01
3.020000e+03 2.403598e-01
3.030000e+03 2.401352e-01
3.040000e+03 2.399142e-01
3.050000e+03 2.396966e-01
3.060000e+03 2.394824e-01
3.070000e+03 2.392713e-01
3.080000e+03 2.390630e-01
3.090000e+03 2.388573e-01
3.100000e+03 2.386534e-01
3.110000e+03 2.384422e-01
3.120000e+03 2.377070e-01
3.130000e+03 2.387917e-01
3.140000e+03 2.374478e-01
3.150000e+03 2.373208e-01
3.160000e+03 2.376655e-01
3.170000e+03 2.374164e-01
3.180000e+03 2.371307e-01
3.190000e+03 2.370399e-01
3.200000e+03 2.368591e-01
3.210000e+03 2.366278e-01
3.220000e+03 2.364306e-01
3.230000e+03 2.361782e-01
3.240000e+03 2.359298e-01
3.250000e+03 2.356662e-01
3.260000e+03 2.353836e-01
3.270000e+03 2.350911e-01
3.280000e+03 2.347793e-01
3.290000e+03 2.344546e-01
3.300000e+03 2.341430e-01
3.310000e+03 2.338239e-01
3.320000e+03 2.335100e-01
3.330000e+03 2.331829e-01
3.340000e+03 2.328397e-01
3.350000e+03 2.324896e-01
3.360000e+03 2.321304e-01
3.370000e+03 2.317609e-01
3.380000e+03 2.313824e-01
3.390000e+03 2.309951e-01
3.400000e+03 2.305987e-01
3.410000e+03 2.301929e-01
3.420000e+03 2.297776e-01
3.430000e+03 2.293523e-01
3.440000e+03 2.289167e-01
3.450000e+03 2.284703e-01
3.460000e+03 2.280127e-01
3.470000e+03 2.275434e-01
3.480000e+03 2.270620e-01
3.490000e+03 2.265681e-01
3.500000e+03 2.260617e-01
3.510000e+03 2.255425e-01
3.520000e+03 2.250109e-01
3.530000e+03 2.244671e-01
3.540000e+03 2.239120e-01
3.550000e+03 2.233464e-01
3.560000e+03 2.227716e-01
3.570000e+03 2.221887e-01
3.580000e+03 2.215987e-01
3.590000e+03 2.210024e-01
3.600000e+03 2.203999e-01
3.610000e+03 2.197908e-01
3.620000e+03 2.191741e-01
3.630000e+03 2.185484e-01
3.640000e+03 2.179117e-01
3.650000e+03 2.172616e-01
3.660000e+03 2.165954e-01
3.670000e+03 2.159111e-01
3.680000e+03 2.152080e-01
3.690000e+03 2.144879e-01
3.700000e+03 2.137547e-01
3.710000e+03 2.130128e-01
3.720000e+03 2.122635e-01
3.730000e+03 2.115042e-01
3.740000e+03 2.107292e-01
3.750000e+03 2.099319e-01
3.760000e+03 2.091064e-01
3.770000e+03 2.082499e-01
3.780000e+03 2.073637e-01
3.790000e+03 2.064295e-01
3.800000e+03 2.036451e-01
3.810000e+03 2.021336e-01
3.820000e+03 2.013278e-01
3.830000e+03 2.012933e-01
3.840000e+03 2.011084e-01
3.850000e+03 2.006332e-01
3.860000e+03 1.999007e-01
3.870000e+03 1.990630e-01
3.880000e+03 1.981946e-01
3.890000e+03 1.973074e-01
3.900000e+03 1.964298e-01
3.910000e+03 1.955718e-01
3.920000e+03 1.947480e-01
3.930000e+03 1.939351e-01
3.940000e+03 1.931373e-01
3.950000e+03 1.923535e-01
3.960000e+03 1.915812e-01
3.970000e+03 1.908163e-01
3.980000e+03 1.900560e-01
3.990000e+03 1.892975e-01
4.000000e+03 1.885397e-01
4.010000e+03 1.877829e-01
4.020000e+03 1.870295e-01
4.030000e+03 1.862826e-01
4.040000e+03 1.855462e-01
4.050000e+03 1.848239e-01
4.060000e+03 1.841178e-01
4.070000e+03 1.834286e-01
4.080000e+03 1.827553e-01
4.090000e+03 1.820789e-01
4.100000e+03 1.813701e-01
4.110000e+03 1.806718e-01
4.120000e+03 1.799805e-01
4.130000e+03 1.792914e-01
4.140000e+03 1.786038e-01
4.150000e+03 1.779174e-01
4.160000e+03 1.772329e-01
4.170000e+03 1.765504e-01
4.180000e+03 1.758713e-01
4.190000e+03 1.751972e-01
4.200000e+03 1.745298e-01
4.210000e+03 1.738708e-01
4.220000e+03 1.732211e-01
4.230000e+03 1.725813e-01
4.240000e+03 1.719513e-01
4.250000e+03 1.713307e-01
4.260000e+03 1.707186e-01
4.270000e+03 1.701139e-01
4.280000e+03 1.695158e-01
4.290000e+03 1.689232e-01
4.300000e+03 1.683352e-01
4.310000e+03 1.677511e-01
4.320000e+03 1.671703e-01
4.330000e+03 1.665926e-01
4.340000e+03 1.660176e-01
4.350000e+03 1.654454e-01
4.360000e+03 1.648762e-01
4.370000e+03 1.643104e-01
4.380000e+03 1.637483e-01
4.390000e+03 1.631904e-01
4.400000e+03 1.626372e-01
4.410000e+03 1.620890e-01
4.420000e+03 1.615460e-01
4.430000e+03 1.610082e-01
4.440000e+03 1.604755e-01
4.450000e+03 1.599477e-01
4.460000e+03 1.594244e-01
4.470000e+03 1.589051e-01
4.480000e+03 1.583895e-01
4.490000e+03 1.578770e-01
4.500000e+03 1.573671e-01
4.510000e+03 1.568596e-01
4.520000e+03 1.563540e-01
4.530000e+03 1.558500e-01
4.540000e+03 1.553474e-01
4.550000e+03 1.548460e-01
4.560000e+03 1.543457e-01
4.570000e+03 1.538465e-01
4.580000e+03 1.533483e-01
4.590000e+03 1.528512e-01
4.600000e+03 1.523553e-01
4.610000e+03 1.518606e-01
4.620000e+03 1.513672e-01
4.630000e+03 1.508752e-01
4.640000e+03 1.503846e-01
4.650000e+03 1.498954e-01
4.660000e+03 1.494057e-01
4.670000e+03 1.487850e-01
4.680000e+03 1.498449e-01
4.690000e+03 1.471280e-01
4.700000e+03 1.455449e-01
4.710000e+03 1.467358e-01
4.720000e+03 1.470511e-01
4.730000e+03 1.497552e-01
4.740000e+03 1.447848e-01
4.750000e+03 1.452428e-01
4.760000e+03 1.452064e-01
4.770000e+03 1.438436e-01
4.780000e+03 1.441123e-01
4.790000e+03 1.434212e-01
4.800000e+03 1.437493e-01
4.810000e+03 1.436083e-01
4.820000e+03 1.435513e-01
4.830000e+03 1.435813e-01
4.840000e+03 1.434997e-01
4.850000e+03 1.435109e-01
4.860000e+03 1.434661e-01
4.870000e+03 1.434587e-01
4.880000e+03 1.434330e-01
4.890000e+03 1.434209e-01
4.900000e+03 1.434040e-01
4.910000e+03 1.433924e-01
4.920000e+03 1.433805e-01
4.930000e+03 1.433709e-01
4.940000e+03 1.433626e-01
4.950000e+03 1.433556e-01
4.960000e+03 1.433501e-01
4.970000e+03 1.433459e-01
4.980000e+03 1.433430e-01
4.990000e+03 1.433414e-01
5.000000e+03 1.433411e-01
5.010000e+03 1.433420e-01
5.020000e+03 1.433441e-01
5.030000e+03 1.433475e-01
5.040000e+03 1.433521e-01
5.050000e+03 1.433580e-01
5.060000e+03 1.433650e-01
5.070000e+03 1.433733e-01
5.080000e+03 1.433828e-01
5.090000e+03 1.433935e-01
5.100000e+03 1.434055e-01
5.110000e+03 1.434187e-01
5.120000e+03 1.434331e-01
5.130000e+03 1.434488e-01
5.140000e+03 1.434656e-01
5.150000e+03 1.434838e-01
5.160000e+03 1.435031e-01
5.170000e+03 1.435237e-01
5.180000e+03 1.435455e-01
5.190000e+03 1.435686e-01
5.200000e+03 1.435929e-01
5.210000e+03 1.436185e-01
5.220000e+03 1.436453e-01
5.230000e+03 1.436734e-01
5.240000e+03 1.437027e-01
5.250000e+03 1.437332e-01
5.260000e+03 1.437651e-01
5.270000e+03 1.437982e-01
5.280000e+03 1.438326e-01
5.290000e+03 1.438682e-01
5.300000e+03 1.439052e-01
5.310000e+03 1.439434e-01
5.320000e+03 1.439830e-01
5.330000e+03 1.440239e-01
5.340000e+03 1.440661e-01
5.350000e+03 1.441096e-01
5.360000e+03 1.441545e-01
5.370000e+03 1.442007e-01
5.380000e+03 1.442483e-01
5.390000e+03 1.442972e-01
5.400000e+03 1.443476e-01
5.410000e+03 1.443998e-01
5.420000e+03 1.444739e-01
5.430000e+03 1.456017e-01
5.440000e+03 1.346496e-01
5.450000e+03 1.444669e-01
5.460000e+03 1.500882e-01
5.470000e+03 1.490160e-01
5.480000e+03 1.477133e-01
5.490000e+03 1.467608e-01
5.500000e+03 1.462026e-01
5.510000e+03 1.459065e-01
5.520000e+03 1.458508e-01
5.530000e+03 1.460007e-01
5.540000e+03 1.461412e-01
5.550000e+03 1.462826e-01
5.560000e+03 1.463359e-01
5.570000e+03 1.463657e-01
5.580000e+03 1.464095e-01
5.590000e+03 1.464707e-01
5.600000e+03 1.465434e-01
5.610000e+03 1.466118e-01
5.620000e+03 1.466770e-01
5.630000e+03 1.467461e-01
5.640000e+03 1.468194e-01
5.650000e+03 1.468935e-01
5.660000e+03 1.469685e-01
5.670000e+03 1.470456e-01
5.680000e+03 1.471241e-01
5.690000e+03 1.472036e-01
5.700000e+03 1.472845e-01
5.710000e+03 1.473665e-01
5.720000e+03 1.474496e-01
5.730000e+03 1.475337e-01
5.740000e+03 1.476188e-01
5.750000e+03 1.477049e-01
5.760000e+03 1.477919e-01
5.770000e+03 1.478798e-01
5.780000e+03 1.479686e-01
5.790000e+03 1.480583e-01
5.800000e+03 1.481488e-01
5.810000e+03 1.482402e-01
5.820000e+03 1.483324e-01
5.830000e+03 1.484254e-01
5.840000e+03 1.485193e-01
5.850000e+03 1.486139e-01
5.860000e+03 1.487093e-01
5.870000e+03 1.488055e-01
5.880000e+03 1.489025e-01
5.890000e+03 1.490002e-01
5.900000e+03 1.490987e-01
5.910000e+03 1.491979e-01
5.920000e+03 1.492978e-01
5.930000e+03 1.493985e-01
5.940000e+03 1.494999e-01
5.950000e+03 1.496019e-01
5.960000e+03 1.497047e-01
5.970000e+03 1.498081e-01
5.980000e+03 1.499123e-01
5.990000e+03 1.500172e-01
6.000000e+03 1.501230e-01
6.010000e+03 1.502331e-01
6.020000e+03 1.504909e-01
6.030000e+03 1.568037e-01
6.040000e+03 1.552028e-01
6.050000e+03 1.490920e-01
6.060000e+03 1.504099e-01
6.070000e+03 1.516379e-01
6.080000e+03 1.506583e-01
6.090000e+03 1.510168e-01
6.100000e+03 1.514166e-01
6.110000e+03 1.512886e-01
6.120000e+03 1.513901e-01
6.130000e+03 1.515932e-01
6.140000e+03 1.516972e-01
6.150000e+03 1.517915e-01
6.160000e+03 1.519029e-01
6.170000e+03 1.520246e-01
6.180000e+03 1.521464e-01
6.190000e+03 1.522642e-01
6.200000e+03 1.523816e-01
6.210000e+03 1.524998e-01
6.220000e+03 1.526186e-01
6.230000e+03 1.527380e-01
6.240000e+03 1.528579e-01
6.250000e+03 1.529776e-01
6.260000e+03 1.530867e-01
6.270000e+03 1.532293e-01
6.280000e+03 1.551088e-01
6.290000e+03 1.523104e-01
6.300000e+03 1.550865e-01
6.310000e+03 1.537881e-01
6.320000e+03 1.551711e-01
6.330000e+03 1.544449e-01
6.340000e+03 1.550328e-01
6.350000e+03 1.551138e-01
6.360000e+03 1.549971e-01
6.370000e+03 1.553171e-01
6.380000e+03 1.552844e-01
6.390000e+03 1.553947e-01
6.400000e+03 1.555307e-01
6.410000e+03 1.556004e-01
6.420000e+03 1.556986e-01
6.430000e+03 1.558086e-01
6.440000e+03 1.559074e-01
6.450000e+03 1.560053e-01
6.460000e+03 1.561071e-01
6.470000e+03 1.562100e-01
6.480000e+03 1.563122e-01
6.490000e+03 1.564140e-01
6.500000e+03 1.565156e-01
6.510000e+03 1.566173e-01
6.520000e+03 1.567189e-01
6.530000e+03 1.568203e-01
6.540000e+03 1.569215e-01
6.550000e+03 1.570226e-01
6.560000e+03 1.571234e-01
6.570000e+03 1.572240e-01
6.580000e+03 1.573243e-01
6.590000e+03 1.574244e-01
6.600000e+03 1.575242e-01
6.610000e+03 1.576238e-01
6.620000e+03 1.577231e-01
6.630000e+03 1.578220e-01
6.640000e+03 1.579207e-01
6.650000e+03 1.580191e-01
6.660000e+03 1.581172e-01
6.670000e+03 1.582149e-01
6.680000e+03 1.583123e-01
6.690000e+03 1.584093e-01
6.700000e+03 1.585060e-01
6.710000e+03 1.586023e-01
6.720000e+03 1.586983e-01
6.730000e+03 1.587938e-01
6.740000e+03 1.588890e-01
6.750000e+03 1.589837e-01
6.760000e+03 1.590780e-01
6.770000e+03 1.591719e-01
6.780000e+03 1.592653e-01
6.790000e+03 1.593583e-01
6.800000e+03 1.594509e-01
6.810000e+03 1.595461e-01
6.820000e+03 1.597252e-01
6.830000e+03 1.627577e-01
6.840000e+03 1.278011e-01
6.850000e+03 1.458248e-01
6.860000e+03 1.511330e-01
6.870000e+03 1.650370e-01
6.880000e+03 1.581883e-01
6.890000e+03 1.600875e-01
6.900000e+03 1.628951e-01
6.910000e+03 1.601108e-01
6.920000e+03 1.609061e-01
6.930000e+03 1.617738e-01
6.940000e+03 1.612782e-01
6.950000e+03 1.612752e-01
6.960000e+03 1.615495e-01
6.970000e+03 1.615963e-01
6.980000e+03 1.615879e-01
6.990000e+03 1.616812e-01
7.000000e+03 1.617638e-01
7.010000e+03 1.618155e-01
7.020000e+03 1.618746e-01
7.030000e+03 1.619419e-01
7.040000e+03 1.620057e-01
7.050000e+03 1.620674e-01
7.060000e+03 1.621290e-01
7.070000e+03 1.621899e-01
7.080000e+03 1.622508e-01
7.090000e+03 1.623110e-01
7.100000e+03 1.623704e-01
7.110000e+03 1.624293e-01
7.120000e+03 1.624876e-01
7.130000e+03 1.625454e-01
7.140000e+03 1.626025e-01
7.150000e+03 1.626591e-01
7.160000e+03 1.627152e-01
7.170000e+03 1.627706e-01
7.180000e+03 1.628255e-01
7.190000e+03 1.628799e-01
7.200000e+03 1.629337e-01
7.210000e+03 1.629869e-01
7.220000e+03 1.630396e-01
7.230000e+03 1.630917e-01
7.240000e+03 1.631432e-01
7.250000e+03 1.631942e-01
7.260000e+03 1.632447e-01
7.270000e+03 1.632946e-01
7.280000e+03 1.633439e-01
7.290000e+03 1.633926e-01
7.300000e+03 1.634408e-01
7.310000e+03 1.634884e-01
7.320000e+03 1.635355e-01
7.330000e+03 1.635820e-01
7.340000e+03 1.636278e-01
7.350000e+03 1.636731e-01
7.360000e+03 1.637178e-01
7.370000e+03 1.637619e-01
7.380000e+03 1.638054e-01
7.390000e+03 1.638483e-01
7.400000e+03 1.638906e-01
7.410000e+03 1.639323e-01
7.420000e+03 1.639733e-01
7.430000e+03 1.640137e-01
7.440000e+03 1.640534e-01
7.450000e+03 1.640926e-01
7.460000e+03 1.641310e-01
7.470000e+03 1.641688e-01
7.480000e+03 1.642060e-01
7.490000e+03 1.642425e-01
7.500000e+03 1.642783e-01
7.510000e+03 1.643134e-01
7.520000e+03 1.643478e-01
7.530000e+03 1.643816e-01
7.540000e+03 1.644146e-01
7.550000e+03 1.644470e-01
7.560000e+03 1.644788e-01
7.570000e+03 1.645099e-01
7.580000e+03 1.645403e-01
7.590000e+03 1.645701e-01
7.600000e+03 1.645991e-01
7.610000e+03 1.646275e-01
7.620000e+03 1.646552e-01
7.630000e+03 1.646822e-01
7.640000e+03 1.647084e-01
7.650000e+03 1.647317e-01
7.660000e+03 1.646623e-01
7.670000e+03 1.649681e-01
7.680000e+03 1.613404e-01
7.690000e+03 1.772663e-01
7.700000e+03 1.756009e-01
7.710000e+03 1.706119e-01
7.720000e+03 1.694823e-01
7.730000e+03 1.667975e-01
7.740000e+03 1.662796e-01
7.750000e+03 1.652688e-01
7.760000e+03 1.651934e-01
7.770000e+03 1.651766e-01
7.780000e+03 1.656570e-01
7.790000e+03 1.659799e-01
7.800000e+03 1.662195e-01
7.810000e+03 1.661995e-01
7.820000e+03 1.661265e-01
7.830000e+03 1.660731e-01
7.840000e+03 1.660905e-01
7.850000e+03 1.661283e-01
7.860000e+03 1.661373e-01
7.870000e+03 1.661289e-01
7.880000e+03 1.661241e-01
7.890000e+03 1.661250e-01
7.900000e+03 1.661216e-01
7.910000e+03 1.661134e-01
7.920000e+03 1.661052e-01
7.930000e+03 1.660959e-01
7.940000e+03 1.660842e-01
7.950000e+03 1.660713e-01
7.960000e+03 1.660573e-01
7.970000e+03 1.660418e-01
7.980000e+03 1.660252e-01
7.990000e+03 1.660074e-01
8.000000e+03 1.659886e-01
8.010000e+03 1.659688e-01
8.020000e+03 1.659480e-01
8.030000e+03 1.659264e-01
8.040000e+03 1.659039e-01
8.050000e+03 1.658806e-01
8.060000e+03 1.658565e-01
8.070000e+03 1.658317e-01
8.080000e+03 1.658062e-01
8.090000e+03 1.657800e-01
8.100000e+03 1.657532e-01
8.110000e+03 1.657258e-01
8.120000e+03 1.656977e-01
8.130000e+03 1.656691e-01
8.140000e+03 1.656399e-01
8.150000e+03 1.656102e-01
8.160000e+03 1.655799e-01
8.170000e+03 1.655492e-01
8.180000e+03 1.655179e-01
8.190000e+03 1.654861e-01
8.200000e+03 1.654538e-01
8.210000e+03 1.654210e-01
8.220000e+03 1.653878e-01
8.230000e+03 1.653541e-01
8.240000e+03 1.653199e-01
8.250000e+03 1.652852e-01
8.260000e+03 1.652501e-01
8.270000e+03 1.652145e-01
8.280000e+03 1.651785e-01
8.290000e+03 1.651421e-01
8.300000e+03 1.651051e-01
8.310000e+03 1.650678e-01
8.320000e+03 1.650299e-01
8.330000e+03 1.649917e-01
8.340000e+03 1.649529e-01
8.350000e+03 1.649137e-01
8.360000e+03 1.648741e-01
8.370000e+03 1.648340e-01
8.380000e+03 1.647935e-01
8.390000e+03 1.647525e-01
8.400000e+03 1.647110e-01
8.410000e+03 1.646691e-01
8.420000e+03 1.646268e-01
8.430000e+03 1.645839e-01
8.440000e+03 1.645407e-01
8.450000e+03 1.644969e-01
8.460000e+03 1.644527e-01
8.470000e+03 1.644080e-01
8.480000e+03 1.643628e-01
8.490000e+03 1.643172e-01
8.500000e+03 1.642711e-01
8.510000e+03 1.642245e-01
8.520000e+03 1.641775e-01
8.530000e+03 1.641299e-01
8.540000e+03 1.640819e-01
8.550000e+03 1.640334e-01
8.560000e+03 1.639839e-01
8.570000e+03 1.639155e-01
8.580000e+03 1.629678e-01
8.590000e+03 1.505572e-01
8.600000e+03 1.896791e-01
8.610000e+03 1.693470e-01
8.620000e+03 1.769342e-01
8.630000e+03 1.630549e-01
8.640000e+03 1.576477e-01
8.650000e+03 1.634276e-01
8.660000e+03 1.658912e-01
8.670000e+03 1.638452e-01
8.680000e+03 1.633335e-01
8.690000e+03 1.640122e-01
8.700000e+03 1.643700e-01
8.710000e+03 1.642079e-01
8.720000e+03 1.641553e-01
8.730000e+03 1.641299e-01
8.740000e+03 1.641258e-01
8.750000e+03 1.641344e-01
8.760000e+03 1.641234e-01
8.770000e+03 1.640932e-01
8.780000e+03 1.640654e-01
8.790000e+03 1.640345e-01
8.800000e+03 1.640018e-01
8.810000e+03 1.639686e-01
8.820000e+03 1.639324e-01
8.830000e+03 1.638943e-01
8.840000e+03 1.638541e-01
8.850000e+03 1.638120e-01
8.860000e+03 1.637683e-01
8.870000e+03 1.637230e-01
8.880000e+03 1.636763e-01
8.890000e+03 1.636283e-01
8.900000e+03 1.635792e-01
8.910000e+03 1.635289e-01
8.920000e+03 1.634776e-01
8.930000e+03 1.634254e-01
8.940000e+03 1.633723e-01
8.950000e+03 1.633183e-01
8.960000e+03 1.632637e-01
8.970000e+03 1.632083e-01
8.980000e+03 1.631523e-01
8.990000e+03 1.630957e-01
9.000000e+03 1.630385e-01
9.010000e+03 1.629808e-01
9.020000e+03 1.629226e-01
9.030000e+03 1.628640e-01
9.040000e+03 1.628049e-01
9.050000e+03 1.627454e-01
9.060000e+03 1.626855e-01
9.070000e+03 1.626253e-01
9.080000e+03 1.625647e-01
9.090000e+03 1.625038e-01
9.100000e+03 1.624426e-01
9.110000e+03 1.623811e-01
9.120000e+03 1.623193e-01
9.130000e+03 1.622573e-01
9.140000e+03 1.621950e-01
9.150000e+03 1.621324e-01
9.160000e+03 1.620696e-01
9.170000e+03 1.620065e-01
9.180000e+03 1.619432e-01
9.190000e+03 1.618797e-01
9.200000e+03 1.618160e-01
9.210000e+03 1.617520e-01
9.220000e+03 1.616879e-01
9.230000e+03 1.616235e-01
9.240000e+03 1.615589e-01
9.250000e+03 1.614941e-01
9.260000e+03 1.614291e-01
9.270000e+03 1.613639e-01
9.280000e+03 1.612985e-01
9.290000e+03 1.612329e-01
9.300000e+03 1.611672e-01
9.310000e+03 1.611012e-01
9.320000e+03 1.610350e-01
9.330000e+03 1.609686e-01
9.340000e+03 1.609021e-01
9.350000e+03 1.608353e-01
9.360000e+03 1.607683e-01
9.370000e+03 1.607012e-01
9.380000e+03 1.606339e-01
9.390000e+03 1.605668e-01
9.400000e+03 1.605227e-01
9.410000e+03 1.625281e-01
9.420000e+03 1.689724e-01
9.430000e+03 1.547631e-01
9.440000e+03 1.589546e-01
9.450000e+03 1.621756e-01
9.460000e+03 1.605238e-01
9.470000e+03 1.604505e-01
9.480000e+03 1.606246e-01
9.490000e+03 1.606375e-01
9.500000e+03 1.606434e-01
9.510000e+03 1.606236e-01
9.520000e+03 1.605944e-01
9.530000e+03 1.605534e-01
9.540000e+03 1.604726e-01
9.550000e+03 1.604197e-01
9.560000e+03 1.603767e-01
9.570000e+03 1.603144e-01
9.580000e+03 1.602507e-01
9.590000e+03 1.601861e-01
9.600000e+03 1.601170e-01
9.610000e+03 1.600476e-01
9.620000e+03 1.599756e-01
9.630000e+03 1.599020e-01
9.640000e+03 1.598267e-01
9.650000e+03 1.597498e-01
9.660000e+03 1.596717e-01
9.670000e+03 1.595922e-01
9.680000e+03 1.595118e-01
9.690000e+03 1.594304e-01
9.700000e+03 1.593481e-01
9.710000e+03 1.592652e-01
9.720000e+03 1.591816e-01
9.730000e+03 1.590974e-01
9.740000e+03 1.590128e-01
9.750000e+03 1.589278e-01
9.760000e+03 1.588424e-01
9.770000e+03 1.587568e-01
9.780000e+03 1.586709e-01
9.790000e+03 1.585848e-01
9.800000e+03 1.584985e-01
9.810000e+03 1.584122e-01
9.820000e+03 1.583257e-01
9.830000e+03 1.582392e-01
9.840000e+03 1.581526e-01
9.850000e+03 1.580660e-01
9.860000e+03 1.579794e-01
9.870000e+03 1.578928e-01
9.880000e+03 1.578063e-01
9.890000e+03 1.577213e-01
9.900000e+03 1.576740e-01
9.910000e+03 1.588681e-01
9.920000e+03 1.678673e-01
9.930000e+03 1.565525e-01
9.940000e+03 1.515913e-01
9.950000e+03 1.588320e-01
9.960000e+03 1.577624e-01
9.970000e+03 1.557212e-01
9.980000e+03 1.567492e-01
9.990000e+03 1.571386e-01
1.000000e+04 1.567139e-01
