1.000000e+01 4.259435e-01
2.000000e+01 4.149062e-01
3.000000e+01 3.619748e-01
4.000000e+01 3.320250e-01
5.000000e+01 3.328689e-01
6.000000e+01 3.181642e-01
7.000000e+01 3.174175e-01
8.000000e+01 3.069853e-01
9.000000e+01 3.058821e-01
1.000000e+02 2.984529e-01
1.100000e+02 2.928909e-01
1.200000e+02 2.866981e-01
1.300000e+02 2.794853e-01
1.400000e+02 2.724791e-01
1.500000e+02 2.652880e-01
1.600000e+02 2.580048e-01
1.700000e+02 2.507911e-01
1.800000e+02 2.437026e-01
1.900000e+02 2.367844e-01
2.000000e+02 2.300468e-01
2.100000e+02 2.235739e-01
2.200000e+02 2.175897e-01
2.300000e+02 2.122079e-01
2.400000e+02 2.072629e-01
2.500000e+02 2.026484e-01
2.600000e+02 1.983400e-01
2.700000e+02 1.943231e-01
2.800000e+02 1.905563e-01
2.900000e+02 1.869987e-01
3.000000e+02 1.836256e-01
3.100000e+02 1.804219e-01
3.200000e+02 1.773741e-01
3.300000e+02 1.744681e-01
3.400000e+02 1.716890e-01
3.500000e+02 1.690218e-01
3.600000e+02 1.664517e-01
3.700000e+02 1.639646e-01
3.800000e+02 1.615474e-01
3.900000e+02 1.591892e-01
4.000000e+02 1.568815e-01
4.100000e+02 1.546184e-01
4.200000e+02 1.523965e-01
4.300000e+02 1.502145e-01
4.400000e+02 1.480733e-01
4.500000e+02 1.459751e-01
4.600000e+02 1.439234e-01
4.700000e+02 1.419223e-01
4.800000e+02 1.399764e-01
4.900000e+02 1.380903e-01
5.000000e+02 1.362684e-01
5.100000e+02 1.345147e-01
5.200000e+02 1.328329e-01
5.300000e+02 1.312259e-01
5.400000e+02 1.296960e-01
5.500000e+02 1.282447e-01
5.600000e+02 1.268728e-01
5.700000e+02 1.255805e-01
5.800000e+02 1.243671e-01
5.900000e+02 1.232313e-01
6.000000e+02 1.221709e-01
6.100000e+02 1.211835e-01
6.200000e+02 1.202657e-01
6.300000e+02 1.194140e-01
6.400000e+02 1.186243e-01
6.500000e+02 1.178923e-01
6.600000e+02 1.172134e-01
6.700000e+02 1.165830e-01
6.800000e+02 1.159965e-01
6.900000e+02 1.154492e-01
7.000000e+02 1.149367e-01
7.100000e+02 1.144546e-01
7.200000e+02 1.139725e-01
7.300000e+02 1.132984e-01
7.400000e+02 1.125538e-01
7.500000e+02 1.118878e-01
7.600000e+02 1.111953e-01
7.700000e+02 1.104921e-01
7.800000e+02 1.098155e-01
7.900000e+02 1.091408e-01
8.000000e+02 1.084729e-01
8.100000e+02 1.078196e-01
8.200000e+02 1.071772e-01
8.300000e+02 1.065465e-01
8.400000e+02 1.059282e-01
8.500000e+02 1.053201e-01
8.600000e+02 1.047218e-01
8.700000e+02 1.041321e-01
8.800000e+02 1.035500e-01
8.900000e+02 1.029744e-01
9.000000e+02 1.024044e-01
9.100000e+02 1.018391e-01
9.200000e+02 1.012776e-01
9.300000e+02 1.007192e-01
9.400000e+02 1.001632e-01
9.500000e+02 9.960918e-02
9.600000e+02 9.905654e-02
9.700000e+02 9.850491e-02
9.800000e+02 9.795393e-02
9.900000e+02 9.740329e-02
1.000000e+03 9.685273e-02
1.010000e+03 9.630203e-02
1.020000e+03 9.575096e-02
1.030000e+03 9.519934e-02
1.040000e+03 9.464696e-02
1.050000e+03 9.409365e-02
1.060000e+03 9.353920e-02
1.070000e+03 9.298342e-02
1.080000e+03 9.242609e-02
1.090000e+03 9.186700e-02
1.100000e+03 9.130592e-02
1.110000e+03 9.074261e-02
1.120000e+03 9.017684e-02
1.130000e+03 8.960836e-02
1.140000e+03 8.903692e-02
1.150000e+03 8.846230e-02
1.160000e+03 8.788425e-02
1.170000e+03 8.728445e-02
1.180000e+03 8.089769e-02
1.190000e+03 9.014124e-02
1.200000e+03 8.339448e-02
1.210000e+03 8.655549e-02
1.220000e+03 8.400271e-02
1.230000e+03 8.441798e-02
1.240000e+03 8.317789e-02
1.250000e+03 8.307432e-02
1.260000e+03 8.230631e-02
1.270000e+03 8.164385e-02
1.280000e+03 8.109401e-02
1.290000e+03 8.052492e-02
1.300000e+03 7.993430e-02
1.310000e+03 7.934015e-02
1.320000e+03 7.875456e-02
1.330000e+03 7.815976e-02
1.340000e+03 7.755680e-02
1.350000e+03 7.695166e-02
1.360000e+03 7.631535e-02
1.370000e+03 7.467149e-02
1.380000e+03 7.898516e-02
1.390000e+03 7.825582e-02
1.400000e+03 7.204706e-02
1.410000e+03 7.418456e-02
1.420000e+03 7.356640e-02
1.430000e+03 7.203828e-02
1.440000e+03 7.166185e-02
1.450000e+03 7.131420e-02
1.460000e+03 7.078844e-02
1.470000e+03 7.020256e-02
1.480000e+03 6.960957e-02
1.490000e+03 6.904334e-02
1.500000e+03 6.852420e-02
1.510000e+03 6.796642e-02
1.520000e+03 6.742435e-02
1.530000e+03 6.686931e-02
1.540000e+03 6.630091e-02
1.550000e+03 6.517360e-02
1.560000e+03 6.087119e-02
1.570000e+03 6.774052e-02
1.580000e+03 6.464341e-02
1.590000e+03 6.282204e-02
1.600000e+03 6.443340e-02
1.610000e+03 6.236659e-02
1.620000e+03 6.228381e-02
1.630000e+03 6.209407e-02
1.640000e+03 6.143284e-02
1.650000e+03 6.084918e-02
1.660000e+03 6.035806e-02
1.670000e+03 5.988776e-02
1.680000e+03 5.941999e-02
1.690000e+03 5.895145e-02
1.700000e+03 5.847436e-02
1.710000e+03 5.798587e-02
1.720000e+03 5.751221e-02
1.730000e+03 5.703381e-02
1.740000e+03 5.656181e-02
1.750000e+03 5.609215e-02
1.760000e+03 5.567128e-02
1.770000e+03 5.682210e-02
1.780000e+03 5.199629e-02
1.790000e+03 5.256325e-02
1.800000e+03 5.629268e-02
1.810000e+03 5.219322e-02
1.820000e+03 5.397734e-02
1.830000e+03 5.227473e-02
1.840000e+03 5.209850e-02
1.850000e+03 5.191909e-02
1.860000e+03 5.126402e-02
1.870000e+03 5.081788e-02
1.880000e+03 5.045376e-02
1.890000e+03 5.005883e-02
1.900000e+03 4.964484e-02
1.910000e+03 4.922854e-02
1.920000e+03 4.881545e-02
1.930000e+03 4.840474e-02
1.940000e+03 4.799688e-02
1.950000e+03 4.759302e-02
1.960000e+03 4.719069e-02
1.970000e+03 4.678602e-02
1.980000e+03 4.638249e-02
1.990000e+03 4.597676e-02
2.000000e+03 4.556960e-02
2.010000e+03 4.515937e-02
2.020000e+03 4.474103e-02
2.030000e+03 4.421218e-02
2.040000e+03 4.300161e-02
2.050000e+03 4.273161e-02
2.060000e+03 4.228974e-02
2.070000e+03 4.376917e-02
2.080000e+03 4.194301e-02
2.090000e+03 4.243426e-02
2.100000e+03 4.131536e-02
2.110000e+03 4.145654e-02
2.120000e+03 4.074888e-02
2.130000e+03 4.056503e-02
2.140000e+03 4.020363e-02
2.150000e+03 3.984178e-02
2.160000e+03 3.956530e-02
2.170000e+03 3.925265e-02
2.180000e+03 3.894614e-02
2.190000e+03 3.865992e-02
2.200000e+03 3.837704e-02
2.210000e+03 3.809464e-02
2.220000e+03 3.781571e-02
2.230000e+03 3.754006e-02
2.240000e+03 3.726628e-02
2.250000e+03 3.699339e-02
2.260000e+03 3.672092e-02
2.270000e+03 3.644862e-02
2.280000e+03 3.617635e-02
2.290000e+03 3.590404e-02
2.300000e+03 3.563174e-02
2.310000e+03 3.535953e-02
2.320000e+03 3.508760e-02
2.330000e+03 3.481617e-02
2.340000e+03 3.454550e-02
2.350000e+03 3.427589e-02
2.360000e+03 3.400765e-02
2.370000e+03 3.374113e-02
2.380000e+03 3.347665e-02
2.390000e+03 3.321455e-02
2.400000e+03 3.295518e-02
2.410000e+03 3.269885e-02
2.420000e+03 3.244588e-02
2.430000e+03 3.219655e-02
2.440000e+03 3.195116e-02
2.450000e+03 3.170995e-02
2.460000e+03 3.147317e-02
2.470000e+03 3.124103e-02
2.480000e+03 3.101371e-02
2.490000e+03 3.079141e-02
2.500000e+03 3.057439e-02
2.510000e+03 3.036633e-02
2.520000e+03 3.029634e-02
2.530000e+03 4.530660e-02
2.540000e+03 5.342854e-02
2.550000e+03 3.452198e-02
2.560000e+03 2.972007e-02
2.570000e+03 2.895293e-02
2.580000e+03 2.868979e-02
2.590000e+03 2.864266e-02
2.600000e+03 2.867016e-02
2.610000e+03 2.873739e-02
2.620000e+03 2.872509e-02
2.630000e+03 2.862719e-02
2.640000e+03 2.847634e-02
2.650000e+03 2.833280e-02
2.660000e+03 2.821811e-02
2.670000e+03 2.812258e-02
2.680000e+03 2.802875e-02
2.690000e+03 2.792906e-02
2.700000e+03 2.783034e-02
2.710000e+03 2.773746e-02
2.720000e+03 2.764866e-02
2.730000e+03 2.756110e-02
2.740000e+03 2.747576e-02
2.750000e+03 2.739345e-02
2.760000e+03 2.731346e-02
2.770000e+03 2.723559e-02
2.780000e+03 2.716011e-02
2.790000e+03 2.708679e-02
2.800000e+03 2.701556e-02
2.810000e+03 2.694643e-02
2.820000e+03 2.687928e-02
2.830000e+03 2.681407e-02
2.840000e+03 2.675073e-02
2.850000e+03 2.668920e-02
2.860000e+03 2.662941e-02
2.870000e+03 2.657130e-02
2.880000e+03 2.651479e-02
2.890000e+03 2.645983e-02
2.900000e+03 2.640635e-02
2.910000e+03 2.635429e-02
2.920000e+03 2.630359e-02
2.930000e+03 2.625418e-02
2.940000e+03 2.620601e-02
2.950000e+03 2.615901e-02
2.960000e+03 2.611313e-02
2.970000e+03 2.606831e-02
2.980000e+03 2.602446e-02
2.990000e+03 2.598153e-02
3.000000e+03 2.593945e-02
3.010000e+03 2.589814e-02
3.020000e+03 2.585754e-02
3.030000e+03 2.581756e-02
3.040000e+03 2.577815e-02
3.050000e+03 2.573924e-02
3.060000e+03 2.570075e-02
3.070000e+03 2.566264e-02
3.080000e+03 2.562485e-02
3.090000e+03 2.558733e-02
3.100000e+03 2.555003e-02
3.110000e+03 2.551292e-02
3.120000e+03 2.547595e-02
3.130000e+03 2.543911e-02
3.140000e+03 2.540237e-02
3.150000e+03 2.536571e-02
3.160000e+03 2.532911e-02
3.170000e+03 2.529256e-02
3.180000e+03 2.525605e-02
3.190000e+03 2.521958e-02
3.200000e+03 2.518314e-02
3.210000e+03 2.514673e-02
3.220000e+03 2.511035e-02
3.230000e+03 2.507400e-02
3.240000e+03 2.503768e-02
3.250000e+03 2.500140e-02
3.260000e+03 2.496516e-02
3.270000e+03 2.492896e-02
3.280000e+03 2.489291e-02
3.290000e+03 2.486434e-02
3.300000e+03 2.629639e-02
3.310000e+03 4.296610e-02
3.320000e+03 3.474177e-02
3.330000e+03 3.173064e-02
3.340000e+03 2.792017e-02
3.350000e+03 2.617291e-02
3.360000e+03 2.540762e-02
3.370000e+03 2.497316e-02
3.380000e+03 2.475304e-02
3.390000e+03 2.464043e-02
3.400000e+03 2.458157e-02
3.410000e+03 2.455119e-02
3.420000e+03 2.453358e-02
3.430000e+03 2.451832e-02
3.440000e+03 2.450228e-02
3.450000e+03 2.448026e-02
3.460000e+03 2.445327e-02
3.470000e+03 2.442580e-02
3.480000e+03 2.440032e-02
3.490000e+03 2.437577e-02
3.500000e+03 2.435067e-02
3.510000e+03 2.432503e-02
3.520000e+03 2.429961e-02
3.530000e+03 2.427442e-02
3.540000e+03 2.424911e-02
3.550000e+03 2.422381e-02
3.560000e+03 2.419864e-02
3.570000e+03 2.417349e-02
3.580000e+03 2.414841e-02
3.590000e+03 2.412339e-02
3.600000e+03 2.409844e-02
3.610000e+03 2.407355e-02
3.620000e+03 2.404874e-02
3.630000e+03 2.402400e-02
3.640000e+03 2.399933e-02
3.650000e+03 2.397475e-02
3.660000e+03 2.395024e-02
3.670000e+03 2.392581e-02
3.680000e+03 2.390147e-02
3.690000e+03 2.387721e-02
3.700000e+03 2.385303e-02
3.710000e+03 2.382894e-02
3.720000e+03 2.380494e-02
3.730000e+03 2.378102e-02
3.740000e+03 2.375719e-02
3.750000e+03 2.373345e-02
3.760000e+03 2.370981e-02
3.770000e+03 2.368625e-02
3.780000e+03 2.366279e-02
3.790000e+03 2.363942e-02
3.800000e+03 2.361615e-02
3.810000e+03 2.359297e-02
3.820000e+03 2.356989e-02
3.830000e+03 2.354691e-02
3.840000e+03 2.352403e-02
3.850000e+03 2.350124e-02
3.860000e+03 2.347856e-02
3.870000e+03 2.345599e-02
3.880000e+03 2.343352e-02
3.890000e+03 2.341115e-02
3.900000e+03 2.338889e-02
3.910000e+03 2.336674e-02
3.920000e+03 2.334470e-02
3.930000e+03 2.332277e-02
3.940000e+03 2.330095e-02
3.950000e+03 2.327924e-02
3.960000e+03 2.325765e-02
3.970000e+03 2.323618e-02
3.980000e+03 2.321482e-02
3.990000e+03 2.319359e-02
4.000000e+03 2.317247e-02
4.010000e+03 2.315147e-02
4.020000e+03 2.313059e-02
4.030000e+03 2.310984e-02
4.040000e+03 2.308922e-02
4.050000e+03 2.306868e-02
4.060000e+03 2.304618e-02
4.070000e+03 2.295026e-02
4.080000e+03 2.987640e-02
4.090000e+03 3.749411e-02
4.100000e+03 2.738743e-02
4.110000e+03 2.335048e-02
4.120000e+03 2.325774e-02
4.130000e+03 2.354328e-02
4.140000e+03 2.339506e-02
4.150000e+03 2.318557e-02
4.160000e+03 2.305212e-02
4.170000e+03 2.299885e-02
4.180000e+03 2.298543e-02
4.190000e+03 2.296958e-02
4.200000e+03 2.295848e-02
4.210000e+03 2.294814e-02
4.220000e+03 2.293648e-02
4.230000e+03 2.292591e-02
4.240000e+03 2.291384e-02
4.250000e+03 2.290125e-02
4.260000e+03 2.288860e-02
4.270000e+03 2.287574e-02
4.280000e+03 2.286293e-02
4.290000e+03 2.285016e-02
4.300000e+03 2.283748e-02
4.310000e+03 2.282493e-02
4.320000e+03 2.281252e-02
4.330000e+03 2.280026e-02
4.340000e+03 2.278815e-02
4.350000e+03 2.277617e-02
4.360000e+03 2.276434e-02
4.370000e+03 2.275265e-02
4.380000e+03 2.274112e-02
4.390000e+03 2.272974e-02
4.400000e+03 2.271850e-02
4.410000e+03 2.270741e-02
4.420000e+03 2.269647e-02
4.430000e+03 2.268567e-02
4.440000e+03 2.267501e-02
4.450000e+03 2.266449e-02
4.460000e+03 2.265411e-02
4.470000e+03 2.264386e-02
4.480000e+03 2.263374e-02
4.490000e+03 2.262375e-02
4.500000e+03 2.261388e-02
4.510000e+03 2.260414e-02
4.520000e+03 2.259451e-02
4.530000e+03 2.258500e-02
4.540000e+03 2.257561e-02
4.550000e+03 2.256634e-02
4.560000e+03 2.255719e-02
4.570000e+03 2.254816e-02
4.580000e+03 2.253924e-02
4.590000e+03 2.253043e-02
4.600000e+03 2.252172e-02
4.610000e+03 2.251311e-02
4.620000e+03 2.250461e-02
4.630000e+03 2.249620e-02
4.640000e+03 2.248788e-02
4.650000e+03 2.247965e-02
4.660000e+03 2.247152e-02
4.670000e+03 2.246346e-02
4.680000e+03 2.245550e-02
4.690000e+03 2.244761e-02
4.700000e+03 2.243980e-02
4.710000e+03 2.243206e-02
4.720000e+03 2.242440e-02
4.730000e+03 2.241680e-02
4.740000e+03 2.240927e-02
4.750000e+03 2.240181e-02
4.760000e+03 2.239440e-02
4.770000e+03 2.238705e-02
4.780000e+03 2.237976e-02
4.790000e+03 2.237251e-02
4.800000e+03 2.236532e-02
4.810000e+03 2.235817e-02
4.820000e+03 2.235105e-02
4.830000e+03 2.234398e-02
4.840000e+03 2.233694e-02
4.850000e+03 2.232993e-02
4.860000e+03 2.232295e-02
4.870000e+03 2.231600e-02
4.880000e+03 2.230906e-02
4.890000e+03 2.230214e-02
4.900000e+03 2.229524e-02
4.910000e+03 2.228834e-02
4.920000e+03 2.228146e-02
4.930000e+03 2.227458e-02
4.940000e+03 2.226770e-02
4.950000e+03 2.226082e-02
4.960000e+03 2.225393e-02
4.970000e+03 2.224704e-02
4.980000e+03 2.224013e-02
4.990000e+03 2.223320e-02
5.000000e+03 2.222626e-02
5.010000e+03 2.221930e-02
5.020000e+03 2.221260e-02
5.030000e+03 2.222276e-02
5.040000e+03 2.992481e-02
5.050000e+03 7.250201e-02
5.060000e+03 3.457390e-02
5.070000e+03 2.889032e-02
5.080000e+03 2.595825e-02
5.090000e+03 2.504127e-02
5.100000e+03 2.307235e-02
5.110000e+03 2.319232e-02
5.120000e+03 2.289311e-02
5.130000e+03 2.297117e-02
5.140000e+03 2.288043e-02
5.150000e+03 2.287121e-02
5.160000e+03 2.287770e-02
5.170000e+03 2.283567e-02
5.180000e+03 2.283839e-02
5.190000e+03 2.282081e-02
5.200000e+03 2.281156e-02
5.210000e+03 2.279739e-02
5.220000e+03 2.278570e-02
5.230000e+03 2.277196e-02
5.240000e+03 2.275919e-02
5.250000e+03 2.274637e-02
5.260000e+03 2.273339e-02
5.270000e+03 2.272094e-02
5.280000e+03 2.270841e-02
5.290000e+03 2.269625e-02
5.300000e+03 2.268426e-02
5.310000e+03 2.267251e-02
5.320000e+03 2.266101e-02
5.330000e+03 2.264976e-02
5.340000e+03 2.263875e-02
5.350000e+03 2.262800e-02
5.360000e+03 2.261749e-02
5.370000e+03 2.260722e-02
5.380000e+03 2.259719e-02
5.390000e+03 2.258739e-02
5.400000e+03 2.257780e-02
5.410000e+03 2.256844e-02
5.420000e+03 2.255927e-02
5.430000e+03 2.255031e-02
5.440000e+03 2.254152e-02
5.450000e+03 2.253292e-02
5.460000e+03 2.252448e-02
5.470000e+03 2.251619e-02
5.480000e+03 2.250805e-02
5.490000e+03 2.250005e-02
5.500000e+03 2.249218e-02
5.510000e+03 2.248442e-02
5.520000e+03 2.247676e-02
5.530000e+03 2.246921e-02
5.540000e+03 2.246175e-02
5.550000e+03 2.245436e-02
5.560000e+03 2.244705e-02
5.570000e+03 2.243980e-02
5.580000e+03 2.243261e-02
5.590000e+03 2.242547e-02
5.600000e+03 2.241837e-02
5.610000e+03 2.241130e-02
5.620000e+03 2.240426e-02
5.630000e+03 2.239724e-02
5.640000e+03 2.239023e-02
5.650000e+03 2.238324e-02
5.660000e+03 2.237624e-02
5.670000e+03 2.236924e-02
5.680000e+03 2.236224e-02
5.690000e+03 2.235522e-02
5.700000e+03 2.234818e-02
5.710000e+03 2.234112e-02
5.720000e+03 2.233404e-02
5.730000e+03 2.232692e-02
5.740000e+03 2.231977e-02
5.750000e+03 2.231257e-02
5.760000e+03 2.230534e-02
5.770000e+03 2.229806e-02
5.780000e+03 2.229073e-02
5.790000e+03 2.228335e-02
5.800000e+03 2.227591e-02
5.810000e+03 2.226841e-02
5.820000e+03 2.226086e-02
5.830000e+03 2.225324e-02
5.840000e+03 2.224555e-02
5.850000e+03 2.223780e-02
5.860000e+03 2.222998e-02
5.870000e+03 2.222208e-02
5.880000e+03 2.221411e-02
5.890000e+03 2.220607e-02
5.900000e+03 2.219794e-02
5.910000e+03 2.218974e-02
5.920000e+03 2.218146e-02
5.930000e+03 2.217310e-02
5.940000e+03 2.216465e-02
5.950000e+03 2.215612e-02
5.960000e+03 2.214751e-02
5.970000e+03 2.213880e-02
5.980000e+03 2.213001e-02
5.990000e+03 2.212113e-02
6.000000e+03 2.211216e-02
6.010000e+03 2.210309e-02
6.020000e+03 2.209393e-02
6.030000e+03 2.208468e-02
6.040000e+03 2.207533e-02
6.050000e+03 2.206588e-02
6.060000e+03 2.205634e-02
6.070000e+03 2.204671e-02
6.080000e+03 2.203698e-02
6.090000e+03 2.202715e-02
6.100000e+03 2.201722e-02
6.110000e+03 2.200720e-02
6.120000e+03 2.199707e-02
6.130000e+03 2.198685e-02
6.140000e+03 2.197653e-02
6.150000e+03 2.196612e-02
6.160000e+03 2.195560e-02
6.170000e+03 2.194498e-02
6.180000e+03 2.193427e-02
6.190000e+03 2.192345e-02
6.200000e+03 2.191253e-02
6.210000e+03 2.190151e-02
6.220000e+03 2.189039e-02
6.230000e+03 2.187917e-02
6.240000e+03 2.186785e-02
6.250000e+03 2.185643e-02
6.260000e+03 2.184490e-02
6.270000e+03 2.183327e-02
6.280000e+03 2.182153e-02
6.290000e+03 2.180969e-02
6.300000e+03 2.179775e-02
6.310000e+03 2.178570e-02
6.320000e+03 2.177354e-02
6.330000e+03 2.176127e-02
6.340000e+03 2.174890e-02
6.350000e+03 2.173641e-02
6.360000e+03 2.172381e-02
6.370000e+03 2.171110e-02
6.380000e+03 2.169828e-02
6.390000e+03 2.168533e-02
6.400000e+03 2.167227e-02
6.410000e+03 2.165909e-02
6.420000e+03 2.164579e-02
6.430000e+03 2.163236e-02
6.440000e+03 2.161881e-02
6.450000e+03 2.160512e-02
6.460000e+03 2.159131e-02
6.470000e+03 2.157736e-02
6.480000e+03 2.156328e-02
6.490000e+03 2.154906e-02
6.500000e+03 2.153470e-02
6.510000e+03 2.152019e-02
6.520000e+03 2.150553e-02
6.530000e+03 2.149073e-02
6.540000e+03 2.147581e-02
6.550000e+03 2.146317e-02
6.560000e+03 2.161851e-02
6.570000e+03 2.704963e-02
6.580000e+03 1.784951e-01
6.590000e+03 1.016259e-01
6.600000e+03 6.156750e-02
6.610000e+03 4.920560e-02
6.620000e+03 3.370947e-02
6.630000e+03 3.367332e-02
6.640000e+03 3.022750e-02
6.650000e+03 3.068643e-02
6.660000e+03 2.986281e-02
6.670000e+03 2.950516e-02
6.680000e+03 2.936680e-02
6.690000e+03 2.917610e-02
6.700000e+03 2.909815e-02
6.710000e+03 2.893014e-02
6.720000e+03 2.882899e-02
6.730000e+03 2.868962e-02
6.740000e+03 2.858987e-02
6.750000e+03 2.848441e-02
6.760000e+03 2.839550e-02
6.770000e+03 2.830620e-02
6.780000e+03 2.822519e-02
6.790000e+03 2.814645e-02
6.800000e+03 2.807293e-02
6.810000e+03 2.800264e-02
6.820000e+03 2.793587e-02
6.830000e+03 2.787176e-02
6.840000e+03 2.781021e-02
6.850000e+03 2.775088e-02
6.860000e+03 2.769351e-02
6.870000e+03 2.763789e-02
6.880000e+03 2.758381e-02
6.890000e+03 2.753111e-02
6.900000e+03 2.747961e-02
6.910000e+03 2.742919e-02
6.920000e+03 2.737973e-02
6.930000e+03 2.733112e-02
6.940000e+03 2.728327e-02
6.950000e+03 2.723610e-02
6.960000e+03 2.718954e-02
6.970000e+03 2.714353e-02
6.980000e+03 2.709801e-02
6.990000e+03 2.705294e-02
7.000000e+03 2.700828e-02
7.010000e+03 2.696399e-02
7.020000e+03 2.692006e-02
7.030000e+03 2.687645e-02
7.040000e+03 2.683315e-02
7.050000e+03 2.679014e-02
7.060000e+03 2.674741e-02
7.070000e+03 2.670495e-02
7.080000e+03 2.666275e-02
7.090000e+03 2.662081e-02
7.100000e+03 2.657913e-02
7.110000e+03 2.653770e-02
7.120000e+03 2.649653e-02
7.130000e+03 2.645561e-02
7.140000e+03 2.641496e-02
7.150000e+03 2.637456e-02
7.160000e+03 2.633443e-02
7.170000e+03 2.629458e-02
7.180000e+03 2.625499e-02
7.190000e+03 2.621568e-02
7.200000e+03 2.617666e-02
7.210000e+03 2.613793e-02
7.220000e+03 2.609949e-02
7.230000e+03 2.606135e-02
7.240000e+03 2.602351e-02
7.250000e+03 2.598597e-02
7.260000e+03 2.594875e-02
7.270000e+03 2.591184e-02
7.280000e+03 2.587526e-02
7.290000e+03 2.583899e-02
7.300000e+03 2.580305e-02
7.310000e+03 2.576743e-02
7.320000e+03 2.573215e-02
7.330000e+03 2.569720e-02
7.340000e+03 2.566258e-02
7.350000e+03 2.562829e-02
7.360000e+03 2.559434e-02
7.370000e+03 2.556073e-02
7.380000e+03 2.552744e-02
7.390000e+03 2.549450e-02
7.400000e+03 2.546189e-02
7.410000e+03 2.542961e-02
7.420000e+03 2.539766e-02
7.430000e+03 2.536604e-02
7.440000e+03 2.533475e-02
7.450000e+03 2.530379e-02
7.460000e+03 2.527315e-02
7.470000e+03 2.524283e-02
7.480000e+03 2.521283e-02
7.490000e+03 2.518314e-02
7.500000e+03 2.515376e-02
7.510000e+03 2.512470e-02
7.520000e+03 2.509594e-02
7.530000e+03 2.506747e-02
7.540000e+03 2.503931e-02
7.550000e+03 2.501144e-02
7.560000e+03 2.498386e-02
7.570000e+03 2.495656e-02
7.580000e+03 2.492955e-02
7.590000e+03 2.490281e-02
7.600000e+03 2.487634e-02
7.610000e+03 2.485014e-02
7.620000e+03 2.482420e-02
7.630000e+03 2.479852e-02
7.640000e+03 2.477310e-02
7.650000e+03 2.474793e-02
7.660000e+03 2.472300e-02
7.670000e+03 2.469832e-02
7.680000e+03 2.467387e-02
7.690000e+03 2.464965e-02
7.700000e+03 2.462566e-02
7.710000e+03 2.460190e-02
7.720000e+03 2.457835e-02
7.730000e+03 2.455502e-02
7.740000e+03 2.453190e-02
7.750000e+03 2.450899e-02
7.760000e+03 2.448628e-02
7.770000e+03 2.446377e-02
7.780000e+03 2.444145e-02
7.790000e+03 2.441933e-02
7.800000e+03 2.439739e-02
7.810000e+03 2.437563e-02
7.820000e+03 2.435405e-02
7.830000e+03 2.433265e-02
7.840000e+03 2.431142e-02
7.850000e+03 2.429036e-02
7.860000e+03 2.426946e-02
7.870000e+03 2.424873e-02
7.880000e+03 2.422815e-02
7.890000e+03 2.420773e-02
7.900000e+03 2.418745e-02
7.910000e+03 2.416733e-02
7.920000e+03 2.414735e-02
7.930000e+03 2.412752e-02
7.940000e+03 2.410782e-02
7.950000e+03 2.408826e-02
7.960000e+03 2.406883e-02
7.970000e+03 2.404953e-02
7.980000e+03 2.403036e-02
7.990000e+03 2.401131e-02
8.000000e+03 2.399239e-02
8.010000e+03 2.397359e-02
8.020000e+03 2.395490e-02
8.030000e+03 2.393633e-02
8.040000e+03 2.391787e-02
8.050000e+03 2.389953e-02
8.060000e+03 2.388129e-02
8.070000e+03 2.386315e-02
8.080000e+03 2.384512e-02
8.090000e+03 2.382719e-02
8.100000e+03 2.380937e-02
8.110000e+03 2.379163e-02
8.120000e+03 2.377400e-02
8.130000e+03 2.375646e-02
8.140000e+03 2.373901e-02
8.150000e+03 2.372165e-02
8.160000e+03 2.370437e-02
8.170000e+03 2.368719e-02
8.180000e+03 2.367009e-02
8.190000e+03 2.365307e-02
8.200000e+03 2.363614e-02
8.210000e+03 2.361928e-02
8.220000e+03 2.360251e-02
8.230000e+03 2.358581e-02
8.240000e+03 2.356918e-02
8.250000e+03 2.355264e-02
8.260000e+03 2.353616e-02
8.270000e+03 2.351976e-02
8.280000e+03 2.350342e-02
8.290000e+03 2.348716e-02
8.300000e+03 2.347097e-02
8.310000e+03 2.345484e-02
8.320000e+03 2.343877e-02
8.330000e+03 2.342278e-02
8.340000e+03 2.340684e-02
8.350000e+03 2.339097e-02
8.360000e+03 2.337516e-02
8.370000e+03 2.335941e-02
8.380000e+03 2.334372e-02
8.390000e+03 2.332808e-02
8.400000e+03 2.331251e-02
8.410000e+03 2.329699e-02
8.420000e+03 2.328153e-02
8.430000e+03 2.326612e-02
8.440000e+03 2.325077e-02
8.450000e+03 2.323547e-02
8.460000e+03 2.322022e-02
8.470000e+03 2.320503e-02
8.480000e+03 2.318988e-02
8.490000e+03 2.317479e-02
8.500000e+03 2.315974e-02
8.510000e+03 2.314475e-02
8.520000e+03 2.312980e-02
8.530000e+03 2.311490e-02
8.540000e+03 2.310005e-02
8.550000e+03 2.308524e-02
8.560000e+03 2.307048e-02
8.570000e+03 2.305577e-02
8.580000e+03 2.304110e-02
8.590000e+03 2.302646e-02
8.600000e+03 2.301151e-02
8.610000e+03 2.297680e-02
8.620000e+03 2.311878e-02
8.630000e+03 2.304084e-02
8.640000e+03 2.291928e-02
8.650000e+03 2.292831e-02
8.660000e+03 2.292664e-02
8.670000e+03 2.290119e-02
8.680000e+03 2.289551e-02
8.690000e+03 2.287455e-02
8.700000e+03 2.285835e-02
8.710000e+03 2.284507e-02
8.720000e+03 2.283256e-02
8.730000e+03 2.281880e-02
8.740000e+03 2.280571e-02
8.750000e+03 2.279311e-02
8.760000e+03 2.278048e-02
8.770000e+03 2.276802e-02
8.780000e+03 2.275549e-02
8.790000e+03 2.274309e-02
8.800000e+03 2.273063e-02
8.810000e+03 2.271819e-02
8.820000e+03 2.270572e-02
8.830000e+03 2.269325e-02
8.840000e+03 2.268076e-02
8.850000e+03 2.266826e-02
8.860000e+03 2.265574e-02
8.870000e+03 2.264322e-02
8.880000e+03 2.263069e-02
8.890000e+03 2.261815e-02
8.900000e+03 2.260560e-02
8.910000e+03 2.259306e-02
8.920000e+03 2.258051e-02
8.930000e+03 2.256795e-02
8.940000e+03 2.255541e-02
8.950000e+03 2.254286e-02
8.960000e+03 2.253031e-02
8.970000e+03 2.251778e-02
8.980000e+03 2.250524e-02
8.990000e+03 2.249272e-02
9.000000e+03 2.248020e-02
9.010000e+03 2.246770e-02
9.020000e+03 2.245520e-02
9.030000e+03 2.244271e-02
9.040000e+03 2.243024e-02
9.050000e+03 2.241778e-02
9.060000e+03 2.240536e-02
9.070000e+03 2.239382e-02
9.080000e+03 2.241372e-02
9.090000e+03 2.233759e-02
9.100000e+03 2.237987e-02
9.110000e+03 2.232309e-02
9.120000e+03 2.233281e-02
9.130000e+03 2.232308e-02
9.140000e+03 2.230403e-02
9.150000e+03 2.228431e-02
9.160000e+03 2.226679e-02
9.170000e+03 2.225751e-02
9.180000e+03 2.224586e-02
9.190000e+03 2.223395e-02
9.200000e+03 2.222315e-02
9.210000e+03 2.221293e-02
9.220000e+03 2.220241e-02
9.230000e+03 2.219184e-02
9.240000e+03 2.218123e-02
9.250000e+03 2.217059e-02
9.260000e+03 2.215994e-02
9.270000e+03 2.214922e-02
9.280000e+03 2.213848e-02
9.290000e+03 2.212768e-02
9.300000e+03 2.211683e-02
9.310000e+03 2.210595e-02
9.320000e+03 2.209503e-02
9.330000e+03 2.208407e-02
9.340000e+03 2.207308e-02
9.350000e+03 2.206206e-02
9.360000e+03 2.205102e-02
9.370000e+03 2.203996e-02
9.380000e+03 2.202888e-02
9.390000e+03 2.201778e-02
9.400000e+03 2.200666e-02
9.410000e+03 2.199554e-02
9.420000e+03 2.198442e-02
9.430000e+03 2.197371e-02
9.440000e+03 2.197329e-02
9.450000e+03 2.204542e-02
9.460000e+03 2.205491e-02
9.470000e+03 2.194148e-02
9.480000e+03 2.190862e-02
9.490000e+03 2.190808e-02
9.500000e+03 2.189289e-02
9.510000e+03 2.187652e-02
9.520000e+03 2.185973e-02
9.530000e+03 2.184988e-02
9.540000e+03 2.183769e-02
9.550000e+03 2.182561e-02
9.560000e+03 2.181643e-02
9.570000e+03 2.180749e-02
9.580000e+03 2.179818e-02
9.590000e+03 2.178853e-02
9.600000e+03 2.177907e-02
9.610000e+03 2.176955e-02
9.620000e+03 2.175985e-02
9.630000e+03 2.175014e-02
9.640000e+03 2.174033e-02
9.650000e+03 2.173047e-02
9.660000e+03 2.172053e-02
9.670000e+03 2.171054e-02
9.680000e+03 2.170049e-02
9.690000e+03 2.169040e-02
9.700000e+03 2.168025e-02
9.710000e+03 2.166999e-02
9.720000e+03 2.165901e-02
9.730000e+03 2.163732e-02
9.740000e+03 2.156539e-02
9.750000e+03 2.166123e-02
9.760000e+03 2.162953e-02
9.770000e+03 2.160413e-02
9.780000e+03 2.158053e-02
9.790000e+03 2.159187e-02
9.800000e+03 2.156177e-02
9.810000e+03 2.155399e-02
9.820000e+03 2.154372e-02
9.830000e+03 2.153426e-02
9.840000e+03 2.152282e-02
9.850000e+03 2.151594e-02
9.860000e+03 2.150647e-02
9.870000e+03 2.149721e-02
9.880000e+03 2.148805e-02
9.890000e+03 2.147881e-02
9.900000e+03 2.146945e-02
9.910000e+03 2.145911e-02
9.920000e+03 2.143519e-02
9.930000e+03 2.129242e-02
9.940000e+03 2.269334e-02
9.950000e+03 2.509852e-02
9.960000e+03 2.451480e-02
9.970000e+03 2.267550e-02
9.980000e+03 2.236386e-02
9.990000e+03 2.178128e-02
1.000000e+04 2.187798e-02
