1.000000e+01 3.445023e-01
2.000000e+01 3.667595e-01
3.000000e+01 3.898817e-01
4.000000e+01 2.997947e-01
5.000000e+01 3.326515e-01
6.000000e+01 3.234652e-01
7.000000e+01 3.116977e-01
8.000000e+01 3.168504e-01
9.000000e+01 3.106440e-01
1.000000e+02 3.125841e-01
1.100000e+02 3.091350e-01
1.200000e+02 3.090070e-01
1.300000e+02 3.066939e-01
1.400000e+02 3.052789e-01
1.500000e+02 3.037521e-01
1.600000e+02 3.022333e-01
1.700000e+02 3.011452e-01
1.800000e+02 3.001099e-01
1.900000e+02 2.993287e-01
2.000000e+02 2.987208e-01
2.100000e+02 2.982167e-01
2.200000e+02 2.978419e-01
2.300000e+02 2.975941e-01
2.400000e+02 2.973981e-01
2.500000e+02 2.971854e-01
2.600000e+02 2.969345e-01
2.700000e+02 2.966835e-01
2.800000e+02 2.964667e-01
2.900000e+02 2.962796e-01
3.000000e+02 2.961054e-01
3.100000e+02 2.959418e-01
3.200000e+02 2.957910e-01
3.300000e+02 2.956477e-01
3.400000e+02 2.955039e-01
3.500000e+02 2.953558e-01
3.600000e+02 2.952012e-01
3.700000e+02 2.950378e-01
3.800000e+02 2.948637e-01
3.900000e+02 2.946781e-01
4.000000e+02 2.944808e-01
4.100000e+02 2.942719e-01
4.200000e+02 2.940522e-01
4.300000e+02 2.938227e-01
4.400000e+02 2.935847e-01
4.500000e+02 2.933396e-01
4.600000e+02 2.930886e-01
4.700000e+02 2.928332e-01
4.800000e+02 2.925742e-01
4.900000e+02 2.923126e-01
5.000000e+02 2.920491e-01
5.100000e+02 2.917845e-01
5.200000e+02 2.915190e-01
5.300000e+02 2.912532e-01
5.400000e+02 2.910019e-01
5.500000e+02 2.908331e-01
5.600000e+02 2.906559e-01
5.700000e+02 2.904713e-01
5.800000e+02 2.902800e-01
5.900000e+02 2.900830e-01
6.000000e+02 2.898813e-01
6.100000e+02 2.896759e-01
6.200000e+02 2.894677e-01
6.300000e+02 2.892577e-01
6.400000e+02 2.890466e-01
6.500000e+02 2.888354e-01
6.600000e+02 2.886247e-01
6.700000e+02 2.884153e-01
6.800000e+02 2.882077e-01
6.900000e+02 2.880024e-01
7.000000e+02 2.877998e-01
7.100000e+02 2.876004e-01
7.200000e+02 2.873877e-01
7.300000e+02 2.871509e-01
7.400000e+02 2.869928e-01
7.500000e+02 2.867461e-01
7.600000e+02 2.864942e-01
7.700000e+02 2.862678e-01
7.800000e+02 2.860212e-01
7.900000e+02 2.857787e-01
8.000000e+02 2.855327e-01
8.100000e+02 2.852839e-01
8.200000e+02 2.850321e-01
8.300000e+02 2.847798e-01
8.400000e+02 2.845248e-01
8.500000e+02 2.842691e-01
8.600000e+02 2.840122e-01
8.700000e+02 2.837541e-01
8.800000e+02 2.834952e-01
8.900000e+02 2.832356e-01
9.000000e+02 2.829752e-01
9.100000e+02 2.827142e-01
9.200000e+02 2.824526e-01
9.300000e+02 2.821905e-01
9.400000e+02 2.819279e-01
9.500000e+02 2.816648e-01
9.600000e+02 2.814012e-01
9.700000e+02 2.811371e-01
9.800000e+02 2.808724e-01
9.900000e+02 2.806071e-01
1.000000e+03 2.803411e-01
1.010000e+03 2.800744e-01
1.020000e+03 2.798069e-01
1.030000e+03 2.795385e-01
1.040000e+03 2.792691e-01
1.050000e+03 2.789985e-01
1.060000e+03 2.787267e-01
1.070000e+03 2.784536e-01
1.080000e+03 2.781789e-01
1.090000e+03 2.779025e-01
1.100000e+03 2.776242e-01
1.110000e+03 2.773440e-01
1.120000e+03 2.770616e-01
1.130000e+03 2.767768e-01
1.140000e+03 2.764896e-01
1.150000e+03 2.761996e-01
1.160000e+03 2.759067e-01
1.170000e+03 2.756121e-01
1.180000e+03 2.757759e-01
1.190000e+03 2.748284e-01
1.200000e+03 2.748767e-01
1.210000e+03 2.743699e-01
1.220000e+03 2.741898e-01
1.230000e+03 2.738145e-01
1.240000e+03 2.735551e-01
1.250000e+03 2.732108e-01
1.260000e+03 2.729022e-01
1.270000e+03 2.725818e-01
1.280000e+03 2.722519e-01
1.290000e+03 2.719180e-01
1.300000e+03 2.715810e-01
1.310000e+03 2.712398e-01
1.320000e+03 2.708937e-01
1.330000e+03 2.705434e-01
1.340000e+03 2.701893e-01
1.350000e+03 2.698309e-01
1.360000e+03 2.694700e-01
1.370000e+03 2.691635e-01
1.380000e+03 2.685170e-01
1.390000e+03 2.681660e-01
1.400000e+03 2.681503e-01
1.410000e+03 2.676333e-01
1.420000e+03 2.672747e-01
1.430000e+03 2.669628e-01
1.440000e+03 2.665713e-01
1.450000e+03 2.661759e-01
1.460000e+03 2.657870e-01
1.470000e+03 2.653991e-01
1.480000e+03 2.650092e-01
1.490000e+03 2.646145e-01
1.500000e+03 2.642139e-01
1.510000e+03 2.638126e-01
1.520000e+03 2.634075e-01
1.530000e+03 2.630002e-01
1.540000e+03 2.625910e-01
1.550000e+03 2.622113e-01
1.560000e+03 2.621958e-01
1.570000e+03 2.611794e-01
1.580000e+03 2.609328e-01
1.590000e+03 2.606366e-01
1.600000e+03 2.601097e-01
1.610000e+03 2.597999e-01
1.620000e+03 2.593676e-01
1.630000e+03 2.589358e-01
1.640000e+03 2.585299e-01
1.650000e+03 2.581170e-01
1.660000e+03 2.576961e-01
1.670000e+03 2.572720e-01
1.680000e+03 2.568461e-01
1.690000e+03 2.564187e-01
1.700000e+03 2.559902e-01
1.710000e+03 2.555614e-01
1.720000e+03 2.551309e-01
1.730000e+03 2.547001e-01
1.740000e+03 2.542688e-01
1.750000e+03 2.538374e-01
1.760000e+03 2.534036e-01
1.770000e+03 2.528880e-01
1.780000e+03 2.528785e-01
1.790000e+03 2.523297e-01
1.800000e+03 2.516418e-01
1.810000e+03 2.514870e-01
1.820000e+03 2.509161e-01
1.830000e+03 2.505834e-01
1.840000e+03 2.501697e-01
1.850000e+03 2.497630e-01
1.860000e+03 2.493941e-01
1.870000e+03 2.490205e-01
1.880000e+03 2.486506e-01
1.890000e+03 2.482949e-01
1.900000e+03 2.479548e-01
1.910000e+03 2.476314e-01
1.920000e+03 2.473282e-01
1.930000e+03 2.470497e-01
1.940000e+03 2.468005e-01
1.950000e+03 2.465863e-01
1.960000e+03 2.464137e-01
1.970000e+03 2.462903e-01
1.980000e+03 2.462241e-01
1.990000e+03 2.462238e-01
2.000000e+03 2.462977e-01
2.010000e+03 2.464531e-01
2.020000e+03 2.466942e-01
2.030000e+03 2.470270e-01
2.040000e+03 2.477111e-01
2.050000e+03 2.479960e-01
2.060000e+03 2.485146e-01
2.070000e+03 2.488600e-01
2.080000e+03 2.494304e-01
2.090000e+03 2.497542e-01
2.100000e+03 2.502242e-01
2.110000e+03 2.505029e-01
2.120000e+03 2.507759e-01
2.130000e+03 2.509607e-01
2.140000e+03 2.510701e-01
2.150000e+03 2.511212e-01
2.160000e+03 2.510991e-01
2.170000e+03 2.510204e-01
2.180000e+03 2.508896e-01
2.190000e+03 2.507039e-01
2.200000e+03 2.504703e-01
2.210000e+03 2.501914e-01
2.220000e+03 2.498681e-01
2.230000e+03 2.495020e-01
2.240000e+03 2.490946e-01
2.250000e+03 2.486468e-01
2.260000e+03 2.481596e-01
2.270000e+03 2.476336e-01
2.280000e+03 2.470694e-01
2.290000e+03 2.464676e-01
2.300000e+03 2.458286e-01
2.310000e+03 2.451530e-01
2.320000e+03 2.444412e-01
2.330000e+03 2.436937e-01
2.340000e+03 2.429111e-01
2.350000e+03 2.420938e-01
2.360000e+03 2.412426e-01
2.370000e+03 2.403579e-01
2.380000e+03 2.394404e-01
2.390000e+03 2.384908e-01
2.400000e+03 2.375098e-01
2.410000e+03 2.364982e-01
2.420000e+03 2.354568e-01
2.430000e+03 2.343864e-01
2.440000e+03 2.332880e-01
2.450000e+03 2.321624e-01
2.460000e+03 2.310105e-01
2.470000e+03 2.298335e-01
2.480000e+03 2.286324e-01
2.490000e+03 2.274082e-01
2.500000e+03 2.261621e-01
2.510000e+03 2.248952e-01
2.520000e+03 2.236046e-01
2.530000e+03 2.220313e-01
2.540000e+03 2.206819e-01
2.550000e+03 2.189838e-01
2.560000e+03 2.179426e-01
2.570000e+03 2.165059e-01
2.580000e+03 2.151967e-01
2.590000e+03 2.138820e-01
2.600000e+03 2.124781e-01
2.610000e+03 2.111617e-01
2.620000e+03 2.098212e-01
2.630000e+03 2.084631e-01
2.640000e+03 2.071158e-01
2.650000e+03 2.057644e-01
2.660000e+03 2.044174e-01
2.670000e+03 2.030804e-01
2.680000e+03 2.017497e-01
2.690000e+03 2.004224e-01
2.700000e+03 1.991015e-01
2.710000e+03 1.977903e-01
2.720000e+03 1.964892e-01
2.730000e+03 1.951977e-01
2.740000e+03 1.939171e-01
2.750000e+03 1.926485e-01
2.760000e+03 1.913921e-01
2.770000e+03 1.901484e-01
2.780000e+03 1.889178e-01
2.790000e+03 1.877007e-01
2.800000e+03 1.864972e-01
2.810000e+03 1.853076e-01
2.820000e+03 1.841320e-01
2.830000e+03 1.829705e-01
2.840000e+03 1.818232e-01
2.850000e+03 1.806900e-01
2.860000e+03 1.795711e-01
2.870000e+03 1.784664e-01
2.880000e+03 1.773759e-01
2.890000e+03 1.762997e-01
2.900000e+03 1.752376e-01
2.910000e+03 1.741896e-01
2.920000e+03 1.731557e-01
2.930000e+03 1.721359e-01
2.940000e+03 1.711301e-01
2.950000e+03 1.701382e-01
2.960000e+03 1.691600e-01
2.970000e+03 1.681956e-01
2.980000e+03 1.672445e-01
2.990000e+03 1.663067e-01
3.000000e+03 1.653819e-01
3.010000e+03 1.644697e-01
3.020000e+03 1.635698e-01
3.030000e+03 1.626818e-01
3.040000e+03 1.618055e-01
3.050000e+03 1.609404e-01
3.060000e+03 1.600863e-01
3.070000e+03 1.592427e-01
3.080000e+03 1.584094e-01
3.090000e+03 1.575860e-01
3.100000e+03 1.567723e-01
3.110000e+03 1.559681e-01
3.120000e+03 1.551729e-01
3.130000e+03 1.543867e-01
3.140000e+03 1.536092e-01
3.150000e+03 1.528402e-01
3.160000e+03 1.520795e-01
3.170000e+03 1.513270e-01
3.180000e+03 1.505825e-01
3.190000e+03 1.498457e-01
3.200000e+03 1.491167e-01
3.210000e+03 1.483953e-01
3.220000e+03 1.476812e-01
3.230000e+03 1.469744e-01
3.240000e+03 1.462748e-01
3.250000e+03 1.455822e-01
3.260000e+03 1.448965e-01
3.270000e+03 1.442176e-01
3.280000e+03 1.435453e-01
3.290000e+03 1.428872e-01
3.300000e+03 1.430027e-01
3.310000e+03 1.420441e-01
3.320000e+03 1.457185e-01
3.330000e+03 1.427978e-01
3.340000e+03 1.418370e-01
3.350000e+03 1.403589e-01
3.360000e+03 1.405186e-01
3.370000e+03 1.412310e-01
3.380000e+03 1.415310e-01
3.390000e+03 1.416328e-01
3.400000e+03 1.415659e-01
3.410000e+03 1.416989e-01
3.420000e+03 1.417396e-01
3.430000e+03 1.417998e-01
3.440000e+03 1.418337e-01
3.450000e+03 1.418806e-01
3.460000e+03 1.419447e-01
3.470000e+03 1.420094e-01
3.480000e+03 1.420766e-01
3.490000e+03 1.421433e-01
3.500000e+03 1.422116e-01
3.510000e+03 1.422824e-01
3.520000e+03 1.423540e-01
3.530000e+03 1.424262e-01
3.540000e+03 1.425000e-01
3.550000e+03 1.425747e-01
3.560000e+03 1.426502e-01
3.570000e+03 1.427266e-01
3.580000e+03 1.428038e-01
3.590000e+03 1.428819e-01
3.600000e+03 1.429609e-01
3.610000e+03 1.430408e-01
3.620000e+03 1.431216e-01
3.630000e+03 1.432034e-01
3.640000e+03 1.432861e-01
3.650000e+03 1.433698e-01
3.660000e+03 1.434545e-01
3.670000e+03 1.435403e-01
3.680000e+03 1.436271e-01
3.690000e+03 1.437149e-01
3.700000e+03 1.438039e-01
3.710000e+03 1.438939e-01
3.720000e+03 1.439851e-01
3.730000e+03 1.440775e-01
3.740000e+03 1.441710e-01
3.750000e+03 1.442657e-01
3.760000e+03 1.443616e-01
3.770000e+03 1.444588e-01
3.780000e+03 1.445572e-01
3.790000e+03 1.446568e-01
3.800000e+03 1.447577e-01
3.810000e+03 1.448598e-01
3.820000e+03 1.449633e-01
3.830000e+03 1.450680e-01
3.840000e+03 1.451741e-01
3.850000e+03 1.452814e-01
3.860000e+03 1.453901e-01
3.870000e+03 1.455001e-01
3.880000e+03 1.456115e-01
3.890000e+03 1.457242e-01
3.900000e+03 1.458382e-01
3.910000e+03 1.459536e-01
3.920000e+03 1.460704e-01
3.930000e+03 1.461885e-01
3.940000e+03 1.463080e-01
3.950000e+03 1.464288e-01
3.960000e+03 1.465510e-01
3.970000e+03 1.466746e-01
3.980000e+03 1.467995e-01
3.990000e+03 1.469258e-01
4.000000e+03 1.470535e-01
4.010000e+03 1.471825e-01
4.020000e+03 1.473129e-01
4.030000e+03 1.474447e-01
4.040000e+03 1.475778e-01
4.050000e+03 1.477124e-01
4.060000e+03 1.478554e-01
4.070000e+03 1.486157e-01
4.080000e+03 1.524712e-01
4.090000e+03 1.641401e-01
4.100000e+03 1.505310e-01
4.110000e+03 1.518151e-01
4.120000e+03 1.467489e-01
4.130000e+03 1.482054e-01
4.140000e+03 1.471165e-01
4.150000e+03 1.484952e-01
4.160000e+03 1.486140e-01
4.170000e+03 1.490640e-01
4.180000e+03 1.491517e-01
4.190000e+03 1.492913e-01
4.200000e+03 1.494580e-01
4.210000e+03 1.495660e-01
4.220000e+03 1.497179e-01
4.230000e+03 1.498498e-01
4.240000e+03 1.499900e-01
4.250000e+03 1.501390e-01
4.260000e+03 1.502848e-01
4.270000e+03 1.504336e-01
4.280000e+03 1.505844e-01
4.290000e+03 1.507350e-01
4.300000e+03 1.508864e-01
4.310000e+03 1.510386e-01
4.320000e+03 1.511911e-01
4.330000e+03 1.513441e-01
4.340000e+03 1.514976e-01
4.350000e+03 1.516518e-01
4.360000e+03 1.518064e-01
4.370000e+03 1.519616e-01
4.380000e+03 1.521173e-01
4.390000e+03 1.522735e-01
4.400000e+03 1.524303e-01
4.410000e+03 1.525876e-01
4.420000e+03 1.527454e-01
4.430000e+03 1.529036e-01
4.440000e+03 1.530624e-01
4.450000e+03 1.532217e-01
4.460000e+03 1.533815e-01
4.470000e+03 1.535418e-01
4.480000e+03 1.537026e-01
4.490000e+03 1.538638e-01
4.500000e+03 1.540255e-01
4.510000e+03 1.541876e-01
4.520000e+03 1.543502e-01
4.530000e+03 1.545132e-01
4.540000e+03 1.546766e-01
4.550000e+03 1.548404e-01
4.560000e+03 1.550044e-01
4.570000e+03 1.551686e-01
4.580000e+03 1.553331e-01
4.590000e+03 1.554978e-01
4.600000e+03 1.556628e-01
4.610000e+03 1.558281e-01
4.620000e+03 1.559936e-01
4.630000e+03 1.561593e-01
4.640000e+03 1.563253e-01
4.650000e+03 1.564915e-01
4.660000e+03 1.566579e-01
4.670000e+03 1.568246e-01
4.680000e+03 1.569914e-01
4.690000e+03 1.571584e-01
4.700000e+03 1.573256e-01
4.710000e+03 1.574930e-01
4.720000e+03 1.576605e-01
4.730000e+03 1.578282e-01
4.740000e+03 1.579960e-01
4.750000e+03 1.581640e-01
4.760000e+03 1.583320e-01
4.770000e+03 1.585002e-01
4.780000e+03 1.586684e-01
4.790000e+03 1.588367e-01
4.800000e+03 1.590050e-01
4.810000e+03 1.591734e-01
4.820000e+03 1.593419e-01
4.830000e+03 1.595103e-01
4.840000e+03 1.596788e-01
4.850000e+03 1.598473e-01
4.860000e+03 1.600157e-01
4.870000e+03 1.601841e-01
4.880000e+03 1.603524e-01
4.890000e+03 1.605207e-01
4.900000e+03 1.606889e-01
4.910000e+03 1.608569e-01
4.920000e+03 1.610249e-01
4.930000e+03 1.611927e-01
4.940000e+03 1.613604e-01
4.950000e+03 1.615279e-01
4.960000e+03 1.616952e-01
4.970000e+03 1.618624e-01
4.980000e+03 1.620293e-01
4.990000e+03 1.621960e-01
5.000000e+03 1.623624e-01
5.010000e+03 1.625285e-01
5.020000e+03 1.626907e-01
5.030000e+03 1.626582e-01
5.040000e+03 1.495733e-01
5.050000e+03 1.299277e-01
5.060000e+03 1.650685e-01
5.070000e+03 1.600492e-01
5.080000e+03 1.506515e-01
5.090000e+03 1.618271e-01
5.100000e+03 1.643342e-01
5.110000e+03 1.522607e-01
5.120000e+03 1.648741e-01
5.130000e+03 1.600254e-01
5.140000e+03 1.612075e-01
5.150000e+03 1.620177e-01
5.160000e+03 1.618002e-01
5.170000e+03 1.624319e-01
5.180000e+03 1.622948e-01
5.190000e+03 1.627738e-01
5.200000e+03 1.627979e-01
5.210000e+03 1.630684e-01
5.220000e+03 1.632162e-01
5.230000e+03 1.633997e-01
5.240000e+03 1.635680e-01
5.250000e+03 1.637310e-01
5.260000e+03 1.638925e-01
5.270000e+03 1.640466e-01
5.280000e+03 1.641990e-01
5.290000e+03 1.643473e-01
5.300000e+03 1.644922e-01
5.310000e+03 1.646348e-01
5.320000e+03 1.647744e-01
5.330000e+03 1.649117e-01
5.340000e+03 1.650469e-01
5.350000e+03 1.651800e-01
5.360000e+03 1.653112e-01
5.370000e+03 1.654407e-01
5.380000e+03 1.655685e-01
5.390000e+03 1.656948e-01
5.400000e+03 1.658198e-01
5.410000e+03 1.659434e-01
5.420000e+03 1.660657e-01
5.430000e+03 1.661869e-01
5.440000e+03 1.663069e-01
5.450000e+03 1.664259e-01
5.460000e+03 1.665439e-01
5.470000e+03 1.666608e-01
5.480000e+03 1.667768e-01
5.490000e+03 1.668920e-01
5.500000e+03 1.670062e-01
5.510000e+03 1.671195e-01
5.520000e+03 1.672321e-01
5.530000e+03 1.673437e-01
5.540000e+03 1.674546e-01
5.550000e+03 1.675647e-01
5.560000e+03 1.676740e-01
5.570000e+03 1.677826e-01
5.580000e+03 1.678904e-01
5.590000e+03 1.679974e-01
5.600000e+03 1.681037e-01
5.610000e+03 1.682092e-01
5.620000e+03 1.683140e-01
5.630000e+03 1.684181e-01
5.640000e+03 1.685215e-01
5.650000e+03 1.686241e-01
5.660000e+03 1.687260e-01
5.670000e+03 1.688272e-01
5.680000e+03 1.689277e-01
5.690000e+03 1.690275e-01
5.700000e+03 1.691266e-01
5.710000e+03 1.692249e-01
5.720000e+03 1.693226e-01
5.730000e+03 1.694196e-01
5.740000e+03 1.695158e-01
5.750000e+03 1.696114e-01
5.760000e+03 1.697062e-01
5.770000e+03 1.698004e-01
5.780000e+03 1.698938e-01
5.790000e+03 1.699866e-01
5.800000e+03 1.700787e-01
5.810000e+03 1.701700e-01
5.820000e+03 1.702607e-01
5.830000e+03 1.703507e-01
5.840000e+03 1.704400e-01
5.850000e+03 1.705285e-01
5.860000e+03 1.706164e-01
5.870000e+03 1.707036e-01
5.880000e+03 1.707902e-01
5.890000e+03 1.708760e-01
5.900000e+03 1.709611e-01
5.910000e+03 1.710455e-01
5.920000e+03 1.711293e-01
5.930000e+03 1.712123e-01
5.940000e+03 1.712947e-01
5.950000e+03 1.713763e-01
5.960000e+03 1.714572e-01
5.970000e+03 1.715374e-01
5.980000e+03 1.716169e-01
5.990000e+03 1.716957e-01
6.000000e+03 1.717738e-01
6.010000e+03 1.718512e-01
6.020000e+03 1.719278e-01
6.030000e+03 1.720038e-01
6.040000e+03 1.720791e-01
6.050000e+03 1.721538e-01
6.060000e+03 1.722277e-01
6.070000e+03 1.723009e-01
6.080000e+03 1.723735e-01
6.090000e+03 1.724454e-01
6.100000e+03 1.725166e-01
6.110000e+03 1.725871e-01
6.120000e+03 1.726570e-01
6.130000e+03 1.727262e-01
6.140000e+03 1.727947e-01
6.150000e+03 1.728626e-01
6.160000e+03 1.729298e-01
6.170000e+03 1.729964e-01
6.180000e+03 1.730623e-01
6.190000e+03 1.731275e-01
6.200000e+03 1.731921e-01
6.210000e+03 1.732560e-01
6.220000e+03 1.733193e-01
6.230000e+03 1.733820e-01
6.240000e+03 1.734440e-01
6.250000e+03 1.735054e-01
6.260000e+03 1.735662e-01
6.270000e+03 1.736264e-01
6.280000e+03 1.736859e-01
6.290000e+03 1.737448e-01
6.300000e+03 1.738032e-01
6.310000e+03 1.738609e-01
6.320000e+03 1.739180e-01
6.330000e+03 1.739746e-01
6.340000e+03 1.740305e-01
6.350000e+03 1.740859e-01
6.360000e+03 1.741408e-01
6.370000e+03 1.741951e-01
6.380000e+03 1.742488e-01
6.390000e+03 1.743020e-01
6.400000e+03 1.743548e-01
6.410000e+03 1.744070e-01
6.420000e+03 1.744587e-01
6.430000e+03 1.745100e-01
6.440000e+03 1.745608e-01
6.450000e+03 1.746111e-01
6.460000e+03 1.746611e-01
6.470000e+03 1.747107e-01
6.480000e+03 1.747598e-01
6.490000e+03 1.748087e-01
6.500000e+03 1.748572e-01
6.510000e+03 1.749054e-01
6.520000e+03 1.749533e-01
6.530000e+03 1.750009e-01
6.540000e+03 1.750444e-01
6.550000e+03 1.748801e-01
6.560000e+03 1.610473e-01
6.570000e+03 1.640340e-01
6.580000e+03 1.685664e-01
6.590000e+03 1.205005e-01
6.600000e+03 1.378076e-01
6.610000e+03 1.624078e-01
6.620000e+03 1.658778e-01
6.630000e+03 1.458328e-01
6.640000e+03 1.523439e-01
6.650000e+03 1.597228e-01
6.660000e+03 1.637112e-01
6.670000e+03 1.639620e-01
6.680000e+03 1.644944e-01
6.690000e+03 1.656950e-01
6.700000e+03 1.660888e-01
6.710000e+03 1.664324e-01
6.720000e+03 1.667120e-01
6.730000e+03 1.670340e-01
6.740000e+03 1.671650e-01
6.750000e+03 1.672008e-01
6.760000e+03 1.671643e-01
6.770000e+03 1.670930e-01
6.780000e+03 1.669492e-01
6.790000e+03 1.667667e-01
6.800000e+03 1.665468e-01
6.810000e+03 1.662951e-01
6.820000e+03 1.660126e-01
6.830000e+03 1.657059e-01
6.840000e+03 1.653775e-01
6.850000e+03 1.650307e-01
6.860000e+03 1.646682e-01
6.870000e+03 1.642925e-01
6.880000e+03 1.639054e-01
6.890000e+03 1.635090e-01
6.900000e+03 1.631050e-01
6.910000e+03 1.626949e-01
6.920000e+03 1.622801e-01
6.930000e+03 1.618618e-01
6.940000e+03 1.614411e-01
6.950000e+03 1.610190e-01
6.960000e+03 1.605963e-01
6.970000e+03 1.601740e-01
6.980000e+03 1.597527e-01
6.990000e+03 1.593330e-01
7.000000e+03 1.589155e-01
7.010000e+03 1.585008e-01
7.020000e+03 1.580893e-01
7.030000e+03 1.576815e-01
7.040000e+03 1.572776e-01
7.050000e+03 1.568781e-01
7.060000e+03 1.564832e-01
7.070000e+03 1.560931e-01
7.080000e+03 1.557081e-01
7.090000e+03 1.553282e-01
7.100000e+03 1.549537e-01
7.110000e+03 1.545848e-01
7.120000e+03 1.542216e-01
7.130000e+03 1.538642e-01
7.140000e+03 1.535126e-01
7.150000e+03 1.531671e-01
7.160000e+03 1.528276e-01
7.170000e+03 1.524942e-01
7.180000e+03 1.521670e-01
7.190000e+03 1.518458e-01
7.200000e+03 1.515308e-01
7.210000e+03 1.512220e-01
7.220000e+03 1.509193e-01
7.230000e+03 1.506227e-01
7.240000e+03 1.503322e-01
7.250000e+03 1.500478e-01
7.260000e+03 1.497694e-01
7.270000e+03 1.494970e-01
7.280000e+03 1.492305e-01
7.290000e+03 1.489700e-01
7.300000e+03 1.487152e-01
7.310000e+03 1.484662e-01
7.320000e+03 1.482229e-01
7.330000e+03 1.479852e-01
7.340000e+03 1.477531e-01
7.350000e+03 1.475265e-01
7.360000e+03 1.473053e-01
7.370000e+03 1.470894e-01
7.380000e+03 1.468788e-01
7.390000e+03 1.466734e-01
7.400000e+03 1.464731e-01
7.410000e+03 1.462778e-01
7.420000e+03 1.460875e-01
7.430000e+03 1.459020e-01
7.440000e+03 1.457214e-01
7.450000e+03 1.455454e-01
7.460000e+03 1.453741e-01
7.470000e+03 1.452073e-01
7.480000e+03 1.450449e-01
7.490000e+03 1.448870e-01
7.500000e+03 1.447334e-01
7.510000e+03 1.445840e-01
7.520000e+03 1.444387e-01
7.530000e+03 1.442976e-01
7.540000e+03 1.441604e-01
7.550000e+03 1.440271e-01
7.560000e+03 1.438977e-01
7.570000e+03 1.437720e-01
7.580000e+03 1.436500e-01
7.590000e+03 1.435317e-01
7.600000e+03 1.434169e-01
7.610000e+03 1.433055e-01
7.620000e+03 1.431976e-01
7.630000e+03 1.430930e-01
7.640000e+03 1.429916e-01
7.650000e+03 1.428935e-01
7.660000e+03 1.427984e-01
7.670000e+03 1.427065e-01
7.680000e+03 1.426175e-01
7.690000e+03 1.425314e-01
7.700000e+03 1.424483e-01
7.710000e+03 1.423679e-01
7.720000e+03 1.422903e-01
7.730000e+03 1.422153e-01
7.740000e+03 1.421430e-01
7.750000e+03 1.420732e-01
7.760000e+03 1.420060e-01
7.770000e+03 1.419412e-01
7.780000e+03 1.418788e-01
7.790000e+03 1.418187e-01
7.800000e+03 1.417609e-01
7.810000e+03 1.417054e-01
7.820000e+03 1.416520e-01
7.830000e+03 1.416008e-01
7.840000e+03 1.415517e-01
7.850000e+03 1.415046e-01
7.860000e+03 1.414594e-01
7.870000e+03 1.414163e-01
7.880000e+03 1.413750e-01
7.890000e+03 1.413355e-01
7.900000e+03 1.412979e-01
7.910000e+03 1.412620e-01
7.920000e+03 1.412278e-01
7.930000e+03 1.411954e-01
7.940000e+03 1.411645e-01
7.950000e+03 1.411353e-01
7.960000e+03 1.411076e-01
7.970000e+03 1.410814e-01
7.980000e+03 1.410567e-01
7.990000e+03 1.410334e-01
8.000000e+03 1.410116e-01
8.010000e+03 1.409911e-01
8.020000e+03 1.409720e-01
8.030000e+03 1.409542e-01
8.040000e+03 1.409376e-01
8.050000e+03 1.409223e-01
8.060000e+03 1.409083e-01
8.070000e+03 1.408953e-01
8.080000e+03 1.408836e-01
8.090000e+03 1.408730e-01
8.100000e+03 1.408634e-01
8.110000e+03 1.408549e-01
8.120000e+03 1.408475e-01
8.130000e+03 1.408411e-01
8.140000e+03 1.408356e-01
8.150000e+03 1.408311e-01
8.160000e+03 1.408276e-01
8.170000e+03 1.408249e-01
8.180000e+03 1.408231e-01
8.190000e+03 1.408222e-01
8.200000e+03 1.408221e-01
8.210000e+03 1.408229e-01
8.220000e+03 1.408244e-01
8.230000e+03 1.408267e-01
8.240000e+03 1.408297e-01
8.250000e+03 1.408335e-01
8.260000e+03 1.408380e-01
8.270000e+03 1.408431e-01
8.280000e+03 1.408490e-01
8.290000e+03 1.408555e-01
8.300000e+03 1.408626e-01
8.310000e+03 1.408704e-01
8.320000e+03 1.408788e-01
8.330000e+03 1.408877e-01
8.340000e+03 1.408973e-01
8.350000e+03 1.409074e-01
8.360000e+03 1.409181e-01
8.370000e+03 1.409293e-01
8.380000e+03 1.409410e-01
8.390000e+03 1.409532e-01
8.400000e+03 1.409659e-01
8.410000e+03 1.409792e-01
8.420000e+03 1.409929e-01
8.430000e+03 1.410070e-01
8.440000e+03 1.410216e-01
8.450000e+03 1.410367e-01
8.460000e+03 1.410522e-01
8.470000e+03 1.410681e-01
8.480000e+03 1.410845e-01
8.490000e+03 1.411012e-01
8.500000e+03 1.411184e-01
8.510000e+03 1.411360e-01
8.520000e+03 1.411539e-01
8.530000e+03 1.411722e-01
8.540000e+03 1.411909e-01
8.550000e+03 1.412100e-01
8.560000e+03 1.412294e-01
8.570000e+03 1.412492e-01
8.580000e+03 1.412694e-01
8.590000e+03 1.412907e-01
8.600000e+03 1.413483e-01
8.610000e+03 1.434285e-01
8.620000e+03 1.295486e-01
8.630000e+03 1.403073e-01
8.640000e+03 1.430162e-01
8.650000e+03 1.388604e-01
8.660000e+03 1.405764e-01
8.670000e+03 1.413137e-01
8.680000e+03 1.406134e-01
8.690000e+03 1.406962e-01
8.700000e+03 1.410572e-01
8.710000e+03 1.410925e-01
8.720000e+03 1.410713e-01
8.730000e+03 1.410954e-01
8.740000e+03 1.411591e-01
8.750000e+03 1.412105e-01
8.760000e+03 1.412556e-01
8.770000e+03 1.412920e-01
8.780000e+03 1.413269e-01
8.790000e+03 1.413608e-01
8.800000e+03 1.413946e-01
8.810000e+03 1.414282e-01
8.820000e+03 1.414614e-01
8.830000e+03 1.414943e-01
8.840000e+03 1.415269e-01
8.850000e+03 1.415593e-01
8.860000e+03 1.415916e-01
8.870000e+03 1.416238e-01
8.880000e+03 1.416558e-01
8.890000e+03 1.416878e-01
8.900000e+03 1.417198e-01
8.910000e+03 1.417517e-01
8.920000e+03 1.417836e-01
8.930000e+03 1.418155e-01
8.940000e+03 1.418474e-01
8.950000e+03 1.418794e-01
8.960000e+03 1.419114e-01
8.970000e+03 1.419435e-01
8.980000e+03 1.419757e-01
8.990000e+03 1.420080e-01
9.000000e+03 1.420404e-01
9.010000e+03 1.420729e-01
9.020000e+03 1.421055e-01
9.030000e+03 1.421383e-01
9.040000e+03 1.421712e-01
9.050000e+03 1.422040e-01
9.060000e+03 1.422336e-01
9.070000e+03 1.421711e-01
9.080000e+03 1.388332e-01
9.090000e+03 1.472701e-01
9.100000e+03 1.449960e-01
9.110000e+03 1.405527e-01
9.120000e+03 1.401293e-01
9.130000e+03 1.406926e-01
9.140000e+03 1.416069e-01
9.150000e+03 1.419495e-01
9.160000e+03 1.421486e-01
9.170000e+03 1.421738e-01
9.180000e+03 1.422038e-01
9.190000e+03 1.422435e-01
9.200000e+03 1.422886e-01
9.210000e+03 1.423260e-01
9.220000e+03 1.423744e-01
9.230000e+03 1.424212e-01
9.240000e+03 1.424738e-01
9.250000e+03 1.425250e-01
9.260000e+03 1.425746e-01
9.270000e+03 1.426207e-01
9.280000e+03 1.426669e-01
9.290000e+03 1.427137e-01
9.300000e+03 1.427595e-01
9.310000e+03 1.428049e-01
9.320000e+03 1.428504e-01
9.330000e+03 1.428953e-01
9.340000e+03 1.429402e-01
9.350000e+03 1.429850e-01
9.360000e+03 1.430296e-01
9.370000e+03 1.430741e-01
9.380000e+03 1.431186e-01
9.390000e+03 1.431630e-01
9.400000e+03 1.432073e-01
9.410000e+03 1.432515e-01
9.420000e+03 1.432933e-01
9.430000e+03 1.432895e-01
9.440000e+03 1.421579e-01
9.450000e+03 1.346060e-01
9.460000e+03 1.378608e-01
9.470000e+03 1.397250e-01
9.480000e+03 1.417518e-01
9.490000e+03 1.421253e-01
9.500000e+03 1.425363e-01
9.510000e+03 1.426771e-01
9.520000e+03 1.428943e-01
9.530000e+03 1.430715e-01
9.540000e+03 1.432571e-01
9.550000e+03 1.434196e-01
9.560000e+03 1.434892e-01
9.570000e+03 1.435268e-01
9.580000e+03 1.435773e-01
9.590000e+03 1.436580e-01
9.600000e+03 1.437159e-01
9.610000e+03 1.437723e-01
9.620000e+03 1.438353e-01
9.630000e+03 1.438913e-01
9.640000e+03 1.439507e-01
9.650000e+03 1.440071e-01
9.660000e+03 1.440642e-01
9.670000e+03 1.441210e-01
9.680000e+03 1.441772e-01
9.690000e+03 1.442333e-01
9.700000e+03 1.442899e-01
9.710000e+03 1.443524e-01
9.720000e+03 1.444846e-01
9.730000e+03 1.456996e-01
9.740000e+03 1.500398e-01
9.750000e+03 1.444765e-01
9.760000e+03 1.401432e-01
9.770000e+03 1.444181e-01
9.780000e+03 1.449039e-01
9.790000e+03 1.438787e-01
9.800000e+03 1.443327e-01
9.810000e+03 1.443800e-01
9.820000e+03 1.444517e-01
9.830000e+03 1.445430e-01
9.840000e+03 1.447006e-01
9.850000e+03 1.447071e-01
9.860000e+03 1.447860e-01
9.870000e+03 1.448760e-01
9.880000e+03 1.449460e-01
9.890000e+03 1.450155e-01
9.900000e+03 1.450873e-01
9.910000e+03 1.452204e-01
9.920000e+03 1.463268e-01
9.930000e+03 1.524669e-01
9.940000e+03 1.417840e-01
9.950000e+03 1.236523e-01
9.960000e+03 1.637126e-01
9.970000e+03 1.176355e-01
9.980000e+03 1.366478e-01
9.990000e+03 1.401197e-01
1.000000e+04 1.327880e-01
