3.407492e-01 1.000000e+00
9.929798e-01 1.000000e+00
6.184562e-01 1.000000e+00
2.162418e-01 1.000000e+00
8.884565e-02 1.000000e+00
7.488735e-01 1.000000e+00
8.743728e-01 1.000000e+00
4.643306e-01 1.000000e+00
3.755386e-01 1.000000e+00
7.858271e-01 1.000000e+00
6.613044e-01 1.000000e+00
1.030264e-03 1.000000e+00
1.314476e-01 1.000000e+00
5.339083e-01 1.000000e+00
9.094085e-01 1.000000e+00
2.569316e-01 1.000000e+00
2.849663e-01 1.000000e+00
8.827395e-01 1.000000e+00
5.062866e-01 1.000000e+00
1.584971e-01 1.000000e+00
3.696140e-02 1.000000e+00
6.269373e-01 1.000000e+00
7.504615e-01 1.000000e+00
4.104999e-01 1.000000e+00
4.996886e-01 1.000000e+00
8.394039e-01 1.000000e+00
7.129501e-01 1.000000e+00
1.232204e-01 1.000000e+00
2.438711e-01 1.000000e+00
5.914142e-01 1.000000e+00
9.649375e-01 1.000000e+00
3.674106e-01 1.000000e+00
3.484949e-01 1.000000e+00
9.384508e-01 1.000000e+00
5.639424e-01 1.000000e+00
2.239722e-01 1.000000e+00
9.648443e-02 1.000000e+00
6.942681e-01 1.000000e+00
8.197521e-01 1.000000e+00
4.719847e-01 1.000000e+00
4.304036e-01 1.000000e+00
7.779286e-01 1.000000e+00
6.534212e-01 1.000000e+00
5.587998e-02 1.000000e+00
1.862059e-01 1.000000e+00
5.259336e-01 1.000000e+00
9.014185e-01 1.000000e+00
3.117051e-01 1.000000e+00
2.773160e-01 1.000000e+00
9.373562e-01 1.000000e+00
5.608881e-01 1.000000e+00
1.508621e-01 1.000000e+00
2.923487e-02 1.000000e+00
6.814474e-01 1.000000e+00
8.049868e-01 1.000000e+00
4.027581e-01 1.000000e+00
4.449190e-01 1.000000e+00
8.473902e-01 1.000000e+00
7.209210e-01 1.000000e+00
6.846604e-02 1.000000e+00
1.890252e-01 1.000000e+00
5.992936e-01 1.000000e+00
9.728321e-01 1.000000e+00
3.125494e-01 1.000000e+00
3.259055e-01 1.000000e+00
9.781218e-01 1.000000e+00
6.016689e-01 1.000000e+00
1.994364e-01 1.000000e+00
7.390278e-02 1.000000e+00
7.339468e-01 1.000000e+00
8.574710e-01 1.000000e+00
4.474413e-01 1.000000e+00
3.924342e-01 1.000000e+00
8.027064e-01 1.000000e+00
6.762525e-01 1.000000e+00
1.596597e-02 1.000000e+00
1.482440e-01 1.000000e+00
5.507190e-01 1.000000e+00
9.242422e-01 1.000000e+00
2.717834e-01 1.000000e+00
2.994128e-01 1.000000e+00
8.972003e-01 1.000000e+00
5.226766e-01 1.000000e+00
1.749053e-01 1.000000e+00
5.132396e-02 1.000000e+00
6.412837e-01 1.000000e+00
7.667830e-01 1.000000e+00
4.268089e-01 1.000000e+00
4.833724e-01 1.000000e+00
8.231040e-01 1.000000e+00
6.985813e-01 1.000000e+00
1.088640e-01 1.000000e+00
2.274710e-01 1.000000e+00
5.749999e-01 1.000000e+00
9.505001e-01 1.000000e+00
3.529550e-01 1.000000e+00
3.647943e-01 1.000000e+00
9.547665e-01 1.000000e+00
5.782983e-01 1.000000e+00
2.383405e-01 1.000000e+00
1.128984e-01 1.000000e+00
7.106677e-01 1.000000e+00
8.342072e-01 1.000000e+00
4.864216e-01 1.000000e+00
4.159423e-01 1.000000e+00
7.634816e-01 1.000000e+00
6.370125e-01 1.000000e+00
3.948939e-02 1.000000e+00
1.718590e-01 1.000000e+00
5.115705e-01 1.000000e+00
8.851091e-01 1.000000e+00
2.953832e-01 1.000000e+00
2.604362e-01 1.000000e+00
9.204602e-01 1.000000e+00
5.459519e-01 1.000000e+00
1.359135e-01 1.000000e+00
1.242374e-02 1.000000e+00
6.646505e-01 1.000000e+00
7.901345e-01 1.000000e+00
3.879239e-01 1.000000e+00
4.597765e-01 1.000000e+00
8.622334e-01 1.000000e+00
7.377260e-01 1.000000e+00
8.525288e-02 1.000000e+00
2.039514e-01 1.000000e+00
6.142360e-01 1.000000e+00
9.897209e-01 1.000000e+00
3.294506e-01 1.000000e+00
3.346168e-01 1.000000e+00
9.868436e-01 1.000000e+00
6.123200e-01 1.000000e+00
2.101094e-01 1.000000e+00
7.880706e-02 1.000000e+00
7.388311e-01 1.000000e+00
8.643304e-01 1.000000e+00
4.542920e-01 1.000000e+00
3.855196e-01 1.000000e+00
7.958042e-01 1.000000e+00
6.712815e-01 1.000000e+00
1.101120e-02 1.000000e+00
1.375223e-01 1.000000e+00
5.399791e-01 1.000000e+00
9.154793e-01 1.000000e+00
2.630062e-01 1.000000e+00
2.905527e-01 1.000000e+00
8.883221e-01 1.000000e+00
5.118692e-01 1.000000e+00
1.640836e-01 1.000000e+00
4.645400e-02 1.000000e+00
6.364261e-01 1.000000e+00
7.599503e-01 1.000000e+00
4.199925e-01 1.000000e+00
4.901382e-01 1.000000e+00
8.298498e-01 1.000000e+00
7.033959e-01 1.000000e+00
1.136700e-01 1.000000e+00
2.382271e-01 1.000000e+00
5.857664e-01 1.000000e+00
9.592896e-01 1.000000e+00
3.617665e-01 1.000000e+00
1.000000e+00 3.220903e-01
1.000000e+00 9.823642e-01
1.000000e+00 6.059104e-01
1.000000e+00 1.956221e-01
1.000000e+00 7.790014e-02
1.000000e+00 7.303768e-01
1.000000e+00 8.539000e-01
1.000000e+00 4.514396e-01
1.000000e+00 3.961883e-01
1.000000e+00 7.984030e-01
1.000000e+00 6.719501e-01
1.000000e+00 1.971920e-02
1.000000e+00 1.441856e-01
1.000000e+00 5.542280e-01
1.000000e+00 9.277522e-01
1.000000e+00 2.677241e-01
1.000000e+00 3.036552e-01
1.000000e+00 8.933851e-01
1.000000e+00 5.188624e-01
1.000000e+00 1.791468e-01
1.000000e+00 4.775384e-02
1.000000e+00 6.452810e-01
1.000000e+00 7.707812e-01
1.000000e+00 4.232378e-01
1.000000e+00 4.790689e-01
1.000000e+00 8.268581e-01
1.000000e+00 7.023345e-01
1.000000e+00 1.045615e-01
1.000000e+00 2.309801e-01
1.000000e+00 5.709415e-01
1.000000e+00 9.464408e-01
1.000000e+00 3.564650e-01
1.000000e+00 3.612232e-01
1.000000e+00 9.587647e-01
1.000000e+00 5.822956e-01
1.000000e+00 2.347703e-01
1.000000e+00 1.171399e-01
1.000000e+00 7.068536e-01
1.000000e+00 8.303921e-01
1.000000e+00 4.906641e-01
1.000000e+00 4.194524e-01
1.000000e+00 7.594224e-01
1.000000e+00 6.329542e-01
1.000000e+00 4.299854e-02
1.000000e+00 1.675564e-01
1.000000e+00 5.153237e-01
1.000000e+00 8.888631e-01
1.000000e+00 2.910797e-01
1.000000e+00 2.644346e-01
1.000000e+00 9.168893e-01
1.000000e+00 5.423819e-01
1.000000e+00 1.399109e-01
1.000000e+00 8.609418e-03
1.000000e+00 6.688919e-01
1.000000e+00 7.943769e-01
1.000000e+00 3.841087e-01
1.000000e+00 4.557171e-01
1.000000e+00 8.657433e-01
1.000000e+00 7.412349e-01
1.000000e+00 8.119442e-02
1.000000e+00 2.077047e-01
1.000000e+00 6.099336e-01
1.000000e+00 9.854176e-01
1.000000e+00 3.332048e-01
1.000000e+00 3.308637e-01
1.000000e+00 9.911462e-01
1.000000e+00 6.166235e-01
1.000000e+00 2.063553e-01
1.000000e+00 8.286635e-02
1.000000e+00 7.353211e-01
1.000000e+00 8.608213e-01
1.000000e+00 4.583504e-01
1.000000e+00 3.893338e-01
1.000000e+00 7.915627e-01
1.000000e+00 6.670391e-01
1.000000e+00 1.482635e-02
1.000000e+00 1.335240e-01
1.000000e+00 5.435502e-01
1.000000e+00 9.190495e-01
1.000000e+00 2.590090e-01
1.000000e+00 2.948551e-01
1.000000e+00 8.845688e-01
1.000000e+00 5.081150e-01
1.000000e+00 1.683870e-01
1.000000e+00 4.294403e-02
1.000000e+00 6.404855e-01
1.000000e+00 7.640087e-01
1.000000e+00 4.164835e-01
1.000000e+00 4.858968e-01
1.000000e+00 8.336640e-01
1.000000e+00 7.072111e-01
1.000000e+00 1.094276e-01
1.000000e+00 2.417981e-01
1.000000e+00 5.817681e-01
1.000000e+00 9.552923e-01
1.000000e+00 3.653366e-01
1.000000e+00 3.544747e-01
1.000000e+00 9.520018e-01
1.000000e+00 5.774944e-01
1.000000e+00 2.299510e-01
1.000000e+00 1.063705e-01
1.000000e+00 6.961004e-01
1.000000e+00 8.215853e-01
1.000000e+00 4.818697e-01
1.000000e+00 4.283258e-01
1.000000e+00 7.682872e-01
1.000000e+00 6.437788e-01
1.000000e+00 5.380311e-02
1.000000e+00 1.724093e-01
1.000000e+00 5.201985e-01
1.000000e+00 8.956824e-01
1.000000e+00 2.979095e-01
1.000000e+00 2.713319e-01
1.000000e+00 9.238086e-01
1.000000e+00 5.473395e-01
1.000000e+00 1.448790e-01
1.000000e+00 1.934456e-02
1.000000e+00 6.796185e-01
1.000000e+00 8.031569e-01
1.000000e+00 3.928687e-01
1.000000e+00 4.469925e-01
1.000000e+00 8.570349e-01
1.000000e+00 7.305667e-01
1.000000e+00 7.053861e-02
1.000000e+00 2.028174e-01
1.000000e+00 6.050321e-01
1.000000e+00 9.785716e-01
1.000000e+00 3.263407e-01
1.000000e+00 3.160195e-01
1.000000e+00 9.762896e-01
1.000000e+00 5.998357e-01
1.000000e+00 1.895513e-01
1.000000e+00 6.792300e-02
1.000000e+00 7.203959e-01
1.000000e+00 8.439191e-01
1.000000e+00 4.414624e-01
1.000000e+00 4.062307e-01
1.000000e+00 8.084416e-01
1.000000e+00 6.819886e-01
1.000000e+00 2.976158e-02
1.000000e+00 1.503218e-01
1.000000e+00 5.603604e-01
1.000000e+00 9.338846e-01
1.000000e+00 2.738603e-01
1.000000e+00 3.093031e-01
1.000000e+00 8.990292e-01
1.000000e+00 5.245065e-01
1.000000e+00 1.847947e-01
1.000000e+00 5.730803e-02
1.000000e+00 6.548314e-01
1.000000e+00 7.803316e-01
1.000000e+00 4.327920e-01
1.000000e+00 4.695801e-01
1.000000e+00 8.173655e-01
1.000000e+00 6.928419e-01
1.000000e+00 9.507271e-02
1.000000e+00 2.253975e-01
1.000000e+00 5.653551e-01
1.000000e+00 9.408544e-01
1.000000e+00 3.508824e-01
3.579836e-01 0.000000e+00
9.479434e-01 0.000000e+00
5.734349e-01 0.000000e+00
2.334609e-01 0.000000e+00
1.020671e-01 0.000000e+00
6.998546e-01 0.000000e+00
8.253386e-01 0.000000e+00
4.775673e-01 0.000000e+00
4.247558e-01 0.000000e+00
7.722846e-01 0.000000e+00
6.477772e-01 0.000000e+00
5.023216e-02 0.000000e+00
1.766516e-01 0.000000e+00
5.163832e-01 0.000000e+00
8.918681e-01 0.000000e+00
3.021508e-01 0.000000e+00
2.672736e-01 0.000000e+00
9.273177e-01 0.000000e+00
5.508496e-01 0.000000e+00
1.408198e-01 0.000000e+00
2.309861e-02 0.000000e+00
6.753149e-01 0.000000e+00
7.988544e-01 0.000000e+00
3.966218e-01 0.000000e+00
4.509898e-01 0.000000e+00
8.534647e-01 0.000000e+00
7.269956e-01 0.000000e+00
7.453681e-02 0.000000e+00
1.990024e-01 0.000000e+00
6.092746e-01 0.000000e+00
9.828131e-01 0.000000e+00
3.225266e-01 0.000000e+00
3.202619e-01 0.000000e+00
9.724744e-01 0.000000e+00
5.960215e-01 0.000000e+00
1.937928e-01 0.000000e+00
6.435295e-02 0.000000e+00
7.243932e-01 0.000000e+00
8.479174e-01 0.000000e+00
4.378914e-01 0.000000e+00
4.019273e-01 0.000000e+00
8.121957e-01 0.000000e+00
6.857419e-01 0.000000e+00
2.545912e-02 0.000000e+00
1.538308e-01 0.000000e+00
5.563020e-01 0.000000e+00
9.298252e-01 0.000000e+00
2.773703e-01 0.000000e+00
3.054879e-01 0.000000e+00
9.032716e-01 0.000000e+00
5.287480e-01 0.000000e+00
1.809805e-01 0.000000e+00
6.130532e-02 0.000000e+00
6.512612e-01 0.000000e+00
7.767605e-01 0.000000e+00
4.367903e-01 0.000000e+00
4.733342e-01 0.000000e+00
8.130620e-01 0.000000e+00
6.885393e-01 0.000000e+00
9.882586e-02 0.000000e+00
2.213392e-01 0.000000e+00
5.688642e-01 0.000000e+00
9.443644e-01 0.000000e+00
3.468232e-01 0.000000e+00
3.747718e-01 0.000000e+00
9.647478e-01 0.000000e+00
5.882796e-01 0.000000e+00
2.483180e-01 0.000000e+00
1.189698e-01 0.000000e+00
7.167430e-01 0.000000e+00
8.402824e-01 0.000000e+00
4.924930e-01 0.000000e+00
4.098067e-01 0.000000e+00
7.573498e-01 0.000000e+00
6.308807e-01 0.000000e+00
3.335378e-02 0.000000e+00
1.618170e-01 0.000000e+00
5.015323e-01 0.000000e+00
8.750708e-01 0.000000e+00
2.853412e-01 0.000000e+00
2.508826e-01 0.000000e+00
9.109105e-01 0.000000e+00
5.364021e-01 0.000000e+00
1.263599e-01 0.000000e+00
6.776216e-03 0.000000e+00
6.590068e-01 0.000000e+00
7.844908e-01 0.000000e+00
3.822764e-01 0.000000e+00
4.653595e-01 0.000000e+00
8.678201e-01 0.000000e+00
7.433127e-01 0.000000e+00
9.083583e-02 0.000000e+00
2.134408e-01 0.000000e+00
6.237292e-01 0.000000e+00
9.992141e-01 0.000000e+00
3.389400e-01 0.000000e+00
3.364467e-01 0.000000e+00
9.967330e-01 0.000000e+00
6.222103e-01 0.000000e+00
2.119383e-01 0.000000e+00
9.235568e-02 0.000000e+00
7.448142e-01 0.000000e+00
8.703144e-01 0.000000e+00
4.678397e-01 0.000000e+00
3.797801e-01 0.000000e+00
7.820129e-01 0.000000e+00
6.574893e-01 0.000000e+00
5.272705e-03 0.000000e+00
1.278766e-01 0.000000e+00
5.379066e-01 0.000000e+00
9.134058e-01 0.000000e+00
2.533615e-01 0.000000e+00
2.887195e-01 0.000000e+00
8.784370e-01 0.000000e+00
5.019831e-01 0.000000e+00
1.622513e-01 0.000000e+00
3.290206e-02 0.000000e+00
6.304473e-01 0.000000e+00
7.539705e-01 0.000000e+00
4.064415e-01 0.000000e+00
4.958743e-01 0.000000e+00
8.436454e-01 0.000000e+00
7.171924e-01 0.000000e+00
1.194052e-01 0.000000e+00
2.478694e-01 0.000000e+00
5.878433e-01 0.000000e+00
9.613675e-01 0.000000e+00
3.714080e-01 0.000000e+00
3.444364e-01 0.000000e+00
9.419598e-01 0.000000e+00
5.674523e-01 0.000000e+00
2.199128e-01 0.000000e+00
1.002387e-01 0.000000e+00
6.899647e-01 0.000000e+00
8.154497e-01 0.000000e+00
4.757379e-01 0.000000e+00
4.344010e-01 0.000000e+00
7.743586e-01 0.000000e+00
6.498502e-01 0.000000e+00
5.987834e-02 0.000000e+00
1.823906e-01 0.000000e+00
5.301759e-01 0.000000e+00
9.056599e-01 0.000000e+00
3.078908e-01 0.000000e+00
2.808251e-01 0.000000e+00
9.332980e-01 0.000000e+00
5.568289e-01 0.000000e+00
1.543722e-01 0.000000e+00
2.493134e-02 0.000000e+00
6.852014e-01 0.000000e+00
8.087399e-01 0.000000e+00
3.984555e-01 0.000000e+00
4.413488e-01 0.000000e+00
8.513874e-01 0.000000e+00
7.249192e-01 0.000000e+00
6.489493e-02 0.000000e+00
1.932677e-01 0.000000e+00
5.954785e-01 0.000000e+00
9.690180e-01 0.000000e+00
3.167909e-01 0.000000e+00
0.000000e+00 3.707736e-01
0.000000e+00 9.683189e-01
0.000000e+00 5.918498e-01
0.000000e+00 2.443207e-01
0.000000e+00 1.227839e-01
0.000000e+00 7.125014e-01
0.000000e+00 8.360399e-01
0.000000e+00 4.963081e-01
0.000000e+00 4.138659e-01
0.000000e+00 7.538397e-01
0.000000e+00 6.273716e-01
0.000000e+00 3.741205e-02
0.000000e+00 1.580639e-01
0.000000e+00 5.058349e-01
0.000000e+00 8.793744e-01
0.000000e+00 2.815871e-01
0.000000e+00 2.544536e-01
0.000000e+00 9.069121e-01
0.000000e+00 5.324047e-01
0.000000e+00 1.299299e-01
0.000000e+00 2.534844e-03
0.000000e+00 6.628212e-01
0.000000e+00 7.883061e-01
0.000000e+00 3.780341e-01
0.000000e+00 4.618496e-01
0.000000e+00 8.718796e-01
0.000000e+00 7.473712e-01
0.000000e+00 8.732688e-02
0.000000e+00 2.177432e-01
0.000000e+00 6.199759e-01
0.000000e+00 9.954599e-01
0.000000e+00 3.432434e-01
0.000000e+00 3.420072e-01
0.000000e+00 9.942238e-01
0.000000e+00 6.206929e-01
0.000000e+00 2.184602e-01
0.000000e+00 8.606009e-02
0.000000e+00 7.461044e-01
0.000000e+00 8.725659e-01
0.000000e+00 4.625359e-01
0.000000e+00 3.772861e-01
0.000000e+00 7.875581e-01
0.000000e+00 6.640263e-01
0.000000e+00 3.740010e-03
0.000000e+00 1.291515e-01
0.000000e+00 5.316263e-01
0.000000e+00 9.080868e-01
0.000000e+00 2.556283e-01
0.000000e+00 2.823040e-01
0.000000e+00 8.800912e-01
0.000000e+00 5.045987e-01
0.000000e+00 1.568276e-01
0.000000e+00 3.809854e-02
0.000000e+00 6.280580e-01
0.000000e+00 7.525731e-01
0.000000e+00 4.125993e-01
0.000000e+00 4.975134e-01
0.000000e+00 8.372452e-01
0.000000e+00 7.117535e-01
0.000000e+00 1.220360e-01
0.000000e+00 2.454954e-01
0.000000e+00 5.930244e-01
0.000000e+00 9.675404e-01
0.000000e+00 3.699952e-01
0.000000e+00 3.496158e-01
0.000000e+00 9.395877e-01
0.000000e+00 5.660416e-01
0.000000e+00 2.260840e-01
0.000000e+00 9.383644e-02
0.000000e+00 6.916056e-01
0.000000e+00 8.180824e-01
0.000000e+00 4.702970e-01
0.000000e+00 4.320135e-01
0.000000e+00 7.795531e-01
0.000000e+00 6.560060e-01
0.000000e+00 5.848267e-02
0.000000e+00 1.840469e-01
0.000000e+00 5.237586e-01
0.000000e+00 9.002344e-01
0.000000e+00 3.105084e-01
0.000000e+00 2.745466e-01
0.000000e+00 9.345709e-01
0.000000e+00 5.590936e-01
0.000000e+00 1.490550e-01
0.000000e+00 3.047859e-02
0.000000e+00 6.827056e-01
0.000000e+00 8.072054e-01
0.000000e+00 4.049946e-01
0.000000e+00 4.426372e-01
0.000000e+00 8.450938e-01
0.000000e+00 7.196175e-01
0.000000e+00 6.714461e-02
0.000000e+00 1.907564e-01
0.000000e+00 6.010408e-01
0.000000e+00 9.755416e-01
0.000000e+00 3.152715e-01
0.000000e+00 3.275159e-01
0.000000e+00 9.797468e-01
0.000000e+00 6.042542e-01
0.000000e+00 2.020396e-01
0.000000e+00 7.174425e-02
0.000000e+00 7.317723e-01
0.000000e+00 8.562874e-01
0.000000e+00 4.462450e-01
0.000000e+00 3.935556e-01
0.000000e+00 8.038438e-01
0.000000e+00 6.783522e-01
0.000000e+00 1.807824e-02
0.000000e+00 1.455964e-01
0.000000e+00 5.480569e-01
0.000000e+00 9.225729e-01
0.000000e+00 2.700963e-01
0.000000e+00 2.971315e-01
0.000000e+00 8.949044e-01
0.000000e+00 5.213736e-01
0.000000e+00 1.735844e-01
0.000000e+00 5.305572e-02
0.000000e+00 6.430314e-01
0.000000e+00 7.694930e-01
0.000000e+00 4.295315e-01
0.000000e+00 4.806035e-01
0.000000e+00 8.203191e-01
0.000000e+00 6.967873e-01
0.000000e+00 1.070574e-01
0.000000e+00 2.287152e-01
0.000000e+00 5.762586e-01
0.000000e+00 9.527191e-01
0.000000e+00 3.551920e-01
0.000000e+00 3.665423e-01
0.000000e+00 9.564980e-01
0.000000e+00 5.810207e-01
0.000000e+00 2.410507e-01
0.000000e+00 1.106028e-01
0.000000e+00 7.083862e-01
0.000000e+00 8.328860e-01
0.000000e+00 4.851187e-01
0.000000e+00 4.172008e-01
0.000000e+00 7.647261e-01
0.000000e+00 6.392497e-01
0.000000e+00 4.170824e-02
0.000000e+00 1.690739e-01
0.000000e+00 5.088019e-01
0.000000e+00 8.833027e-01
0.000000e+00 2.935890e-01
0.000000e+00 2.582615e-01
0.000000e+00 9.183020e-01
0.000000e+00 5.447558e-01
0.000000e+00 1.347296e-01
0.000000e+00 1.404844e-02
0.000000e+00 6.662612e-01
0.000000e+00 7.927380e-01
0.000000e+00 3.905090e-01
0.000000e+00 4.571147e-01
0.000000e+00 8.595856e-01
0.000000e+00 7.360386e-01
0.000000e+00 8.358383e-02
0.000000e+00 2.050890e-01
0.000000e+00 6.153572e-01
0.000000e+00 9.918330e-01
0.000000e+00 3.315505e-01
