4.655948e-02 1.000000e+00
8.446885e-01 1.000000e+00
6.935025e-01 1.000000e+00
3.842728e-01 1.000000e+00
3.456639e-01 1.000000e+00
5.455894e-01 1.000000e+00
8.832912e-01 1.000000e+00
1.944816e-01 1.000000e+00
1.455020e-01 1.000000e+00
9.644975e-01 1.000000e+00
6.225232e-01 1.000000e+00
2.990034e-01 1.000000e+00
4.635259e-01 1.000000e+00
6.464758e-01 1.000000e+00
7.999812e-01 1.000000e+00
1.215403e-01 1.000000e+00
8.953745e-02 1.000000e+00
7.704658e-01 1.000000e+00
6.739787e-01 1.000000e+00
4.975441e-01 1.000000e+00
2.714512e-01 1.000000e+00
5.885468e-01 1.000000e+00
9.965802e-01 1.000000e+00
1.749451e-01 1.000000e+00
2.197134e-01 1.000000e+00
9.215384e-01 1.000000e+00
5.092326e-01 1.000000e+00
3.185389e-01 1.000000e+00
4.205492e-01 1.000000e+00
7.207002e-01 1.000000e+00
8.195066e-01 1.000000e+00
8.270065e-03 1.000000e+00
2.771961e-02 1.000000e+00
8.312752e-01 1.000000e+00
7.401516e-01 1.000000e+00
4.323159e-01 1.000000e+00
3.303012e-01 1.000000e+00
5.286911e-01 1.000000e+00
9.332989e-01 1.000000e+00
2.391739e-01 1.000000e+00
1.632756e-01 1.000000e+00
9.769705e-01 1.000000e+00
5.768793e-01 1.000000e+00
2.518396e-01 1.000000e+00
4.779407e-01 1.000000e+00
6.623003e-01 1.000000e+00
7.508604e-01 1.000000e+00
7.786085e-02 1.000000e+00
1.019305e-01 1.000000e+00
7.883117e-01 1.000000e+00
6.268643e-01 1.000000e+00
4.518585e-01 1.000000e+00
2.873250e-01 1.000000e+00
6.029198e-01 1.000000e+00
9.528209e-01 1.000000e+00
1.258965e-01 1.000000e+00
2.062503e-01 1.000000e+00
9.027407e-01 1.000000e+00
5.573560e-01 1.000000e+00
3.651152e-01 1.000000e+00
4.037313e-01 1.000000e+00
7.052648e-01 1.000000e+00
8.641490e-01 1.000000e+00
5.831999e-02 1.000000e+00
5.464041e-02 1.000000e+00
8.678318e-01 1.000000e+00
7.172676e-01 1.000000e+00
3.917243e-01 1.000000e+00
3.688177e-01 1.000000e+00
5.536503e-01 1.000000e+00
8.907608e-01 1.000000e+00
2.182343e-01 1.000000e+00
1.373313e-01 1.000000e+00
9.413905e-01 1.000000e+00
5.987868e-01 1.000000e+00
2.914546e-01 1.000000e+00
4.404007e-01 1.000000e+00
6.383176e-01 1.000000e+00
7.924219e-01 1.000000e+00
9.782383e-02 1.000000e+00
6.635030e-02 1.000000e+00
7.623677e-01 1.000000e+00
6.664795e-01 1.000000e+00
4.737657e-01 1.000000e+00
2.633425e-01 1.000000e+00
5.653796e-01 1.000000e+00
9.727837e-01 1.000000e+00
1.674583e-01 1.000000e+00
2.428071e-01 1.000000e+00
9.296613e-01 1.000000e+00
5.167643e-01 1.000000e+00
3.422315e-01 1.000000e+00
4.286903e-01 1.000000e+00
7.437815e-01 1.000000e+00
8.432096e-01 1.000000e+00
1.578169e-02 1.000000e+00
4.136665e-03 1.000000e+00
8.236358e-01 1.000000e+00
7.321345e-01 1.000000e+00
4.091182e-01 1.000000e+00
3.226494e-01 1.000000e+00
5.051263e-01 1.000000e+00
9.100812e-01 1.000000e+00
2.311673e-01 1.000000e+00
1.869482e-01 1.000000e+00
9.845736e-01 1.000000e+00
5.848678e-01 1.000000e+00
2.751345e-01 1.000000e+00
4.855638e-01 1.000000e+00
6.859624e-01 1.000000e+00
7.741677e-01 1.000000e+00
8.583118e-02 1.000000e+00
1.096138e-01 1.000000e+00
8.119118e-01 1.000000e+00
6.501096e-01 1.000000e+00
4.598889e-01 1.000000e+00
3.109375e-01 1.000000e+00
6.105850e-01 1.000000e+00
9.608713e-01 1.000000e+00
1.491313e-01 1.000000e+00
1.986604e-01 1.000000e+00
8.791158e-01 1.000000e+00
5.340782e-01 1.000000e+00
3.571706e-01 1.000000e+00
3.800863e-01 1.000000e+00
6.976855e-01 1.000000e+00
8.561920e-01 1.000000e+00
3.506037e-02 1.000000e+00
3.671180e-02 1.000000e+00
8.542959e-01 1.000000e+00
6.993372e-01 1.000000e+00
3.781900e-01 1.000000e+00
3.552827e-01 1.000000e+00
5.357225e-01 1.000000e+00
8.772276e-01 1.000000e+00
2.003050e-01 1.000000e+00
1.550483e-01 1.000000e+00
9.547108e-01 1.000000e+00
6.165017e-01 1.000000e+00
3.047771e-01 1.000000e+00
4.537202e-01 1.000000e+00
6.560337e-01 1.000000e+00
8.057434e-01 1.000000e+00
1.155377e-01 1.000000e+00
7.967084e-02 1.000000e+00
7.800844e-01 1.000000e+00
6.798018e-01 1.000000e+00
4.914808e-01 1.000000e+00
2.810584e-01 1.000000e+00
5.786993e-01 1.000000e+00
9.904977e-01 1.000000e+00
1.807795e-01 1.000000e+00
2.292710e-01 1.000000e+00
9.117329e-01 1.000000e+00
5.032302e-01 1.000000e+00
3.243008e-01 1.000000e+00
4.107627e-01 1.000000e+00
7.302463e-01 1.000000e+00
8.252800e-01 1.000000e+00
2.248732e-03 1.000000e+00
1.000000e+00 4.974120e-02
1.000000e+00 8.727572e-01
1.000000e+00 7.142623e-01
1.000000e+00 3.947634e-01
1.000000e+00 3.717943e-01
1.000000e+00 5.507085e-01
1.000000e+00 8.957497e-01
1.000000e+00 2.132726e-01
1.000000e+00 1.345077e-01
1.000000e+00 9.442413e-01
1.000000e+00 5.939509e-01
1.000000e+00 2.963253e-01
1.000000e+00 4.452080e-01
1.000000e+00 6.335442e-01
1.000000e+00 7.953352e-01
1.000000e+00 9.493681e-02
1.000000e+00 6.926594e-02
1.000000e+00 7.594869e-01
1.000000e+00 6.712853e-01
1.000000e+00 4.689870e-01
1.000000e+00 2.585043e-01
1.000000e+00 5.702441e-01
1.000000e+00 9.699615e-01
1.000000e+00 1.703143e-01
1.000000e+00 2.477974e-01
1.000000e+00 9.247048e-01
1.000000e+00 5.197385e-01
1.000000e+00 3.392834e-01
1.000000e+00 4.256836e-01
1.000000e+00 7.468154e-01
1.000000e+00 8.383128e-01
1.000000e+00 2.071334e-02
1.000000e+00 1.100856e-03
1.000000e+00 8.266444e-01
1.000000e+00 7.272047e-01
1.000000e+00 4.140132e-01
1.000000e+00 3.276078e-01
1.000000e+00 5.001340e-01
1.000000e+00 9.130274e-01
1.000000e+00 2.281949e-01
1.000000e+00 1.820819e-01
1.000000e+00 9.894137e-01
1.000000e+00 5.820137e-01
1.000000e+00 2.779548e-01
1.000000e+00 4.884466e-01
1.000000e+00 6.830449e-01
1.000000e+00 7.789444e-01
1.000000e+00 8.102732e-02
1.000000e+00 1.143891e-01
1.000000e+00 8.071027e-01
1.000000e+00 6.529947e-01
1.000000e+00 4.569776e-01
1.000000e+00 3.080848e-01
1.000000e+00 6.134104e-01
1.000000e+00 9.560026e-01
1.000000e+00 1.539652e-01
1.000000e+00 2.016042e-01
1.000000e+00 8.761372e-01
1.000000e+00 5.390381e-01
1.000000e+00 3.521836e-01
1.000000e+00 3.751589e-01
1.000000e+00 7.025867e-01
1.000000e+00 8.531547e-01
1.000000e+00 3.806374e-02
1.000000e+00 3.178103e-02
1.000000e+00 8.591938e-01
1.000000e+00 6.963042e-01
1.000000e+00 3.811977e-01
1.000000e+00 3.582298e-01
1.000000e+00 5.327473e-01
1.000000e+00 8.821832e-01
1.000000e+00 1.953137e-01
1.000000e+00 1.521913e-01
1.000000e+00 9.575319e-01
1.000000e+00 6.116363e-01
1.000000e+00 3.096144e-01
1.000000e+00 4.584998e-01
1.000000e+00 6.512289e-01
1.000000e+00 8.086251e-01
1.000000e+00 1.126230e-01
1.000000e+00 8.255685e-02
1.000000e+00 7.771702e-01
1.000000e+00 6.845742e-01
1.000000e+00 4.866726e-01
1.000000e+00 2.761887e-01
1.000000e+00 5.835361e-01
1.000000e+00 9.876479e-01
1.000000e+00 1.836040e-01
1.000000e+00 2.342337e-01
1.000000e+00 9.067449e-01
1.000000e+00 5.061731e-01
1.000000e+00 3.213251e-01
1.000000e+00 4.077226e-01
1.000000e+00 7.332507e-01
1.000000e+00 8.203536e-01
1.000000e+00 7.147047e-03
1.000000e+00 1.881784e-02
1.000000e+00 8.399646e-01
1.000000e+00 7.449196e-01
1.000000e+00 4.273357e-01
1.000000e+00 3.409272e-01
1.000000e+00 5.178501e-01
1.000000e+00 9.263488e-01
1.000000e+00 2.459088e-01
1.000000e+00 1.641532e-01
1.000000e+00 9.758780e-01
1.000000e+00 5.640832e-01
1.000000e+00 2.644206e-01
1.000000e+00 4.749116e-01
1.000000e+00 6.651170e-01
1.000000e+00 7.654112e-01
1.000000e+00 6.309792e-02
1.000000e+00 1.008531e-01
1.000000e+00 7.891743e-01
1.000000e+00 6.394607e-01
1.000000e+00 4.390469e-01
1.000000e+00 2.901572e-01
1.000000e+00 5.998753e-01
1.000000e+00 9.380730e-01
1.000000e+00 1.404323e-01
1.000000e+00 2.149247e-01
1.000000e+00 8.938540e-01
1.000000e+00 5.523604e-01
1.000000e+00 3.698988e-01
1.000000e+00 3.928748e-01
1.000000e+00 7.159063e-01
1.000000e+00 8.708689e-01
1.000000e+00 5.138494e-02
1.000000e+00 5.550320e-02
1.000000e+00 8.667550e-01
1.000000e+00 7.044567e-01
1.000000e+00 4.043210e-01
1.000000e+00 3.657729e-01
1.000000e+00 5.564819e-01
1.000000e+00 9.052960e-01
1.000000e+00 2.034862e-01
1.000000e+00 1.284443e-01
1.000000e+00 9.500642e-01
1.000000e+00 6.035696e-01
1.000000e+00 2.864587e-01
1.000000e+00 4.510425e-01
1.000000e+00 6.274619e-01
1.000000e+00 7.854876e-01
1.000000e+00 1.045440e-01
1.000000e+00 7.503953e-02
1.000000e+00 7.534652e-01
1.000000e+00 6.614986e-01
1.000000e+00 4.785335e-01
1.000000e+00 2.525018e-01
1.000000e+00 5.760064e-01
1.000000e+00 9.795193e-01
1.000000e+00 1.605084e-01
1.000000e+00 2.417148e-01
1.000000e+00 9.305396e-01
1.000000e+00 5.293459e-01
1.000000e+00 3.294356e-01
1.000000e+00 4.315068e-01
1.000000e+00 7.407518e-01
1.000000e+00 8.284460e-01
1.000000e+00 3.033232e-02
2.182019e-02 0.000000e+00
8.369265e-01 0.000000e+00
7.498198e-01 0.000000e+00
4.224074e-01 0.000000e+00
3.359412e-01 0.000000e+00
5.228109e-01 0.000000e+00
9.233712e-01 0.000000e+00
2.488535e-01 0.000000e+00
1.689881e-01 0.000000e+00
9.710102e-01 0.000000e+00
5.669097e-01 0.000000e+00
2.615688e-01 0.000000e+00
4.719993e-01 0.000000e+00
6.680012e-01 0.000000e+00
7.606011e-01 0.000000e+00
6.787226e-02 0.000000e+00
9.605010e-02 0.000000e+00
7.939520e-01 0.000000e+00
6.365441e-01 0.000000e+00
4.419306e-01 0.000000e+00
2.929765e-01 0.000000e+00
5.970202e-01 0.000000e+00
9.429122e-01 0.000000e+00
1.355650e-01 0.000000e+00
2.119514e-01 0.000000e+00
8.967991e-01 0.000000e+00
5.473672e-01 0.000000e+00
3.748562e-01 0.000000e+00
3.977707e-01 0.000000e+00
7.109775e-01 0.000000e+00
8.738784e-01 0.000000e+00
4.835014e-02 0.000000e+00
6.033765e-02 0.000000e+00
8.618867e-01 0.000000e+00
7.072827e-01 0.000000e+00
4.014688e-01 0.000000e+00
3.628611e-01 0.000000e+00
5.593665e-01 0.000000e+00
9.004863e-01 0.000000e+00
2.082610e-01 0.000000e+00
1.314472e-01 0.000000e+00
9.470265e-01 0.000000e+00
6.084703e-01 0.000000e+00
2.815308e-01 0.000000e+00
4.460560e-01 0.000000e+00
6.324222e-01 0.000000e+00
7.825095e-01 0.000000e+00
1.074882e-01 0.000000e+00
7.206669e-02 0.000000e+00
7.564109e-01 0.000000e+00
6.565059e-01 0.000000e+00
4.834914e-01 0.000000e+00
2.573972e-01 0.000000e+00
5.710771e-01 0.000000e+00
9.825284e-01 0.000000e+00
1.574731e-01 0.000000e+00
2.369114e-01 0.000000e+00
9.353168e-01 0.000000e+00
5.264288e-01 0.000000e+00
3.323188e-01 0.000000e+00
4.343266e-01 0.000000e+00
7.378972e-01 0.000000e+00
8.332857e-01 0.000000e+00
2.546543e-02 0.000000e+00
1.369825e-02 0.000000e+00
8.138338e-01 0.000000e+00
7.261282e-01 0.000000e+00
4.148767e-01 0.000000e+00
3.128589e-01 0.000000e+00
5.146689e-01 0.000000e+00
9.158587e-01 0.000000e+00
2.251494e-01 0.000000e+00
1.770853e-01 0.000000e+00
9.941964e-01 0.000000e+00
5.906872e-01 0.000000e+00
2.690671e-01 0.000000e+00
4.951674e-01 0.000000e+00
6.761108e-01 0.000000e+00
7.680889e-01 0.000000e+00
9.166980e-02 0.000000e+00
1.191562e-01 0.000000e+00
8.021216e-01 0.000000e+00
6.440920e-01 0.000000e+00
4.656661e-01 0.000000e+00
3.011357e-01 0.000000e+00
6.201463e-01 0.000000e+00
9.666296e-01 0.000000e+00
1.431252e-01 0.000000e+00
1.888091e-01 0.000000e+00
8.887191e-01 0.000000e+00
5.399166e-01 0.000000e+00
3.510921e-01 0.000000e+00
3.897088e-01 0.000000e+00
6.878228e-01 0.000000e+00
8.501247e-01 0.000000e+00
4.087953e-02 0.000000e+00
4.169360e-02 0.000000e+00
8.495290e-01 0.000000e+00
6.906489e-01 0.000000e+00
3.870935e-01 0.000000e+00
3.485461e-01 0.000000e+00
5.426714e-01 0.000000e+00
8.880674e-01 0.000000e+00
1.896773e-01 0.000000e+00
1.424657e-01 0.000000e+00
9.675057e-01 0.000000e+00
6.175930e-01 0.000000e+00
3.038979e-01 0.000000e+00
4.684848e-01 0.000000e+00
6.414840e-01 0.000000e+00
8.029278e-01 0.000000e+00
1.185684e-01 0.000000e+00
9.248077e-02 0.000000e+00
7.674868e-01 0.000000e+00
6.789381e-01 0.000000e+00
4.925566e-01 0.000000e+00
2.665242e-01 0.000000e+00
5.934484e-01 0.000000e+00
9.935435e-01 0.000000e+00
1.779489e-01 0.000000e+00
2.244891e-01 0.000000e+00
9.167297e-01 0.000000e+00
5.121182e-01 0.000000e+00
3.156280e-01 0.000000e+00
4.176961e-01 0.000000e+00
7.235252e-01 0.000000e+00
8.146373e-01 0.000000e+00
1.310351e-02 0.000000e+00
2.489645e-02 0.000000e+00
8.341265e-01 0.000000e+00
7.353162e-01 0.000000e+00
4.371870e-01 0.000000e+00
3.351080e-01 0.000000e+00
5.239172e-01 0.000000e+00
9.362117e-01 0.000000e+00
2.362863e-01 0.000000e+00
1.583759e-01 0.000000e+00
9.818955e-01 0.000000e+00
5.738736e-01 0.000000e+00
2.548782e-01 0.000000e+00
4.809178e-01 0.000000e+00
6.593590e-01 0.000000e+00
7.558497e-01 0.000000e+00
7.289962e-02 0.000000e+00
1.069204e-01 0.000000e+00
7.833548e-01 0.000000e+00
6.298381e-01 0.000000e+00
4.489100e-01 0.000000e+00
2.843188e-01 0.000000e+00
6.059541e-01 0.000000e+00
9.479245e-01 0.000000e+00
1.308286e-01 0.000000e+00
2.091664e-01 0.000000e+00
8.998603e-01 0.000000e+00
5.621623e-01 0.000000e+00
3.603370e-01 0.000000e+00
3.988925e-01 0.000000e+00
7.101288e-01 0.000000e+00
8.613263e-01 0.000000e+00
6.117558e-02 0.000000e+00
0.000000e+00 1.084176e-02
0.000000e+00 8.166554e-01
0.000000e+00 7.212633e-01
0.000000e+00 4.197144e-01
0.000000e+00 3.176380e-01
0.000000e+00 5.098636e-01
0.000000e+00 9.187399e-01
0.000000e+00 2.222343e-01
0.000000e+00 1.721540e-01
0.000000e+00 9.990938e-01
0.000000e+00 5.876538e-01
0.000000e+00 2.720743e-01
0.000000e+00 4.981150e-01
0.000000e+00 6.731360e-01
0.000000e+00 7.730449e-01
0.000000e+00 8.667892e-02
0.000000e+00 1.241184e-01
0.000000e+00 7.971332e-01
0.000000e+00 6.470343e-01
0.000000e+00 4.626899e-01
0.000000e+00 2.980961e-01
0.000000e+00 6.231511e-01
0.000000e+00 9.617036e-01
0.000000e+00 1.480241e-01
0.000000e+00 1.916956e-01
0.000000e+00 8.858054e-01
0.000000e+00 5.446895e-01
0.000000e+00 3.462844e-01
0.000000e+00 3.848387e-01
0.000000e+00 6.926591e-01
0.000000e+00 8.472745e-01
0.000000e+00 4.370358e-02
0.000000e+00 4.475215e-02
0.000000e+00 8.462249e-01
0.000000e+00 6.917546e-01
0.000000e+00 3.857423e-01
0.000000e+00 3.472118e-01
0.000000e+00 5.437630e-01
0.000000e+00 8.847797e-01
0.000000e+00 1.927222e-01
0.000000e+00 1.469755e-01
0.000000e+00 9.627532e-01
0.000000e+00 6.240556e-01
0.000000e+00 2.971925e-01
0.000000e+00 4.617625e-01
0.000000e+00 6.479608e-01
0.000000e+00 7.981589e-01
0.000000e+00 1.230918e-01
0.000000e+00 8.771323e-02
0.000000e+00 7.720116e-01
0.000000e+00 6.722172e-01
0.000000e+00 4.990348e-01
0.000000e+00 2.729855e-01
0.000000e+00 5.867416e-01
0.000000e+00 9.980518e-01
0.000000e+00 1.731950e-01
0.000000e+00 2.212000e-01
0.000000e+00 9.197733e-01
0.000000e+00 5.107824e-01
0.000000e+00 3.167182e-01
0.000000e+00 4.188032e-01
0.000000e+00 7.221754e-01
0.000000e+00 8.176973e-01
0.000000e+00 9.800807e-03
0.000000e+00 2.940483e-02
0.000000e+00 8.293725e-01
0.000000e+00 7.417774e-01
0.000000e+00 4.304802e-01
0.000000e+00 3.283871e-01
0.000000e+00 5.303954e-01
0.000000e+00 9.314442e-01
0.000000e+00 2.408112e-01
0.000000e+00 1.614359e-01
0.000000e+00 9.785928e-01
0.000000e+00 5.749807e-01
0.000000e+00 2.535284e-01
0.000000e+00 4.795820e-01
0.000000e+00 6.604491e-01
0.000000e+00 7.525606e-01
0.000000e+00 7.594315e-02
0.000000e+00 1.036327e-01
0.000000e+00 7.863998e-01
0.000000e+00 6.285037e-01
0.000000e+00 4.500016e-01
0.000000e+00 2.854245e-01
0.000000e+00 6.046029e-01
0.000000e+00 9.509831e-01
0.000000e+00 1.275245e-01
0.000000e+00 2.043974e-01
0.000000e+00 9.043837e-01
0.000000e+00 5.554400e-01
0.000000e+00 3.668138e-01
0.000000e+00 4.053552e-01
0.000000e+00 7.034234e-01
0.000000e+00 8.658361e-01
0.000000e+00 5.642307e-02
0.000000e+00 5.229717e-02
0.000000e+00 8.699576e-01
0.000000e+00 7.148654e-01
0.000000e+00 3.939167e-01
0.000000e+00 3.709321e-01
0.000000e+00 5.513261e-01
0.000000e+00 8.929341e-01
0.000000e+00 2.158436e-01
0.000000e+00 1.395201e-01
0.000000e+00 9.389842e-01
0.000000e+00 6.009162e-01
0.000000e+00 2.891154e-01
0.000000e+00 4.380136e-01
0.000000e+00 6.404949e-01
0.000000e+00 7.900941e-01
0.000000e+00 9.993419e-02
0.000000e+00 6.402443e-02
0.000000e+00 7.644838e-01
0.000000e+00 6.640904e-01
0.000000e+00 4.759372e-01
0.000000e+00 2.654700e-01
0.000000e+00 5.630347e-01
0.000000e+00 9.749744e-01
0.000000e+00 1.650577e-01
0.000000e+00 2.449822e-01
0.000000e+00 9.272763e-01
0.000000e+00 5.188768e-01
0.000000e+00 3.399015e-01
0.000000e+00 4.262862e-01
0.000000e+00 7.459682e-01
0.000000e+00 8.408683e-01
0.000000e+00 1.791323e-02
0.000000e+00 6.113728e-03
0.000000e+00 8.213879e-01
0.000000e+00 7.341704e-01
0.000000e+00 4.068038e-01
0.000000e+00 3.204129e-01
0.000000e+00 5.070843e-01
0.000000e+00 9.077859e-01
0.000000e+00 2.331918e-01
0.000000e+00 1.846374e-01
0.000000e+00 9.866136e-01
0.000000e+00 5.826163e-01
0.000000e+00 2.771076e-01
0.000000e+00 4.875848e-01
0.000000e+00 6.836630e-01
0.000000e+00 7.761292e-01
0.000000e+00 8.359878e-02
0.000000e+00 1.115735e-01
0.000000e+00 8.096737e-01
0.000000e+00 6.521325e-01
0.000000e+00 4.575952e-01
0.000000e+00 3.086879e-01
0.000000e+00 6.125637e-01
0.000000e+00 9.585586e-01
0.000000e+00 1.511656e-01
0.000000e+00 1.963632e-01
0.000000e+00 8.811346e-01
0.000000e+00 5.318437e-01
0.000000e+00 3.591343e-01
0.000000e+00 3.821242e-01
0.000000e+00 6.953768e-01
0.000000e+00 8.581671e-01
0.000000e+00 3.280673e-02
