1.659703e-01 1.000000e+00
5.132340e-01 1.000000e+00
9.679266e-01 1.000000e+00
3.704264e-01 1.000000e+00
4.219152e-01 1.000000e+00
7.699724e-01 1.000000e+00
6.941784e-01 1.000000e+00
9.637304e-02 1.000000e+00
4.483574e-02 1.000000e+00
6.343394e-01 1.000000e+00
8.390706e-01 1.000000e+00
4.993152e-01 1.000000e+00
3.008727e-01 1.000000e+00
8.910478e-01 1.000000e+00
5.652304e-01 1.000000e+00
2.252919e-01 1.000000e+00
1.941009e-01 1.000000e+00
5.964176e-01 1.000000e+00
9.219908e-01 1.000000e+00
2.699259e-01 1.000000e+00
4.680059e-01 1.000000e+00
8.703837e-01 1.000000e+00
6.658965e-01 1.000000e+00
1.328241e-02 1.000000e+00
6.530406e-02 1.000000e+00
7.252435e-01 1.000000e+00
8.007933e-01 1.000000e+00
3.910905e-01 1.000000e+00
3.389950e-01 1.000000e+00
9.993617e-01 1.000000e+00
5.449132e-01 1.000000e+00
1.342949e-01 1.000000e+00
1.526434e-01 1.000000e+00
5.548997e-01 1.000000e+00
9.790753e-01 1.000000e+00
3.270706e-01 1.000000e+00
3.805547e-01 1.000000e+00
7.829940e-01 1.000000e+00
7.377173e-01 1.000000e+00
8.504117e-02 1.000000e+00
2.375791e-02 1.000000e+00
6.837571e-01 1.000000e+00
8.579703e-01 1.000000e+00
4.482075e-01 1.000000e+00
2.516382e-01 1.000000e+00
9.119425e-01 1.000000e+00
6.166433e-01 1.000000e+00
2.060870e-01 1.000000e+00
2.377661e-01 1.000000e+00
5.849680e-01 1.000000e+00
8.805115e-01 1.000000e+00
2.830730e-01 1.000000e+00
4.790283e-01 1.000000e+00
8.271457e-01 1.000000e+00
6.526885e-01 1.000000e+00
5.482273e-02 1.000000e+00
1.165982e-01 1.000000e+00
7.061640e-01 1.000000e+00
7.516851e-01 1.000000e+00
4.118674e-01 1.000000e+00
3.580135e-01 1.000000e+00
9.481286e-01 1.000000e+00
5.237090e-01 1.000000e+00
1.838303e-01 1.000000e+00
1.723443e-01 1.000000e+00
5.195395e-01 1.000000e+00
9.439974e-01 1.000000e+00
3.465503e-01 1.000000e+00
4.155487e-01 1.000000e+00
7.636594e-01 1.000000e+00
7.181156e-01 1.000000e+00
1.202412e-01 1.000000e+00
5.117212e-02 1.000000e+00
6.407446e-01 1.000000e+00
8.151638e-01 1.000000e+00
4.753547e-01 1.000000e+00
2.945286e-01 1.000000e+00
8.846504e-01 1.000000e+00
5.891299e-01 1.000000e+00
2.492597e-01 1.000000e+00
2.180690e-01 1.000000e+00
6.203168e-01 1.000000e+00
9.155932e-01 1.000000e+00
2.635819e-01 1.000000e+00
4.440457e-01 1.000000e+00
8.464766e-01 1.000000e+00
6.723016e-01 1.000000e+00
1.961891e-02 1.000000e+00
8.917255e-02 1.000000e+00
7.491804e-01 1.000000e+00
7.944801e-01 1.000000e+00
3.847241e-01 1.000000e+00
3.151192e-01 1.000000e+00
9.754322e-01 1.000000e+00
5.512186e-01 1.000000e+00
1.406690e-01 1.000000e+00
1.306212e-01 1.000000e+00
5.329313e-01 1.000000e+00
9.874179e-01 1.000000e+00
3.353444e-01 1.000000e+00
4.025841e-01 1.000000e+00
8.049552e-01 1.000000e+00
7.293824e-01 1.000000e+00
7.675966e-02 1.000000e+00
1.819187e-03 1.000000e+00
6.617653e-01 1.000000e+00
8.662142e-01 1.000000e+00
4.565199e-01 1.000000e+00
2.735689e-01 1.000000e+00
9.339423e-01 1.000000e+00
6.083919e-01 1.000000e+00
1.977821e-01 1.000000e+00
2.294613e-01 1.000000e+00
5.767165e-01 1.000000e+00
9.025109e-01 1.000000e+00
3.050041e-01 1.000000e+00
4.873408e-01 1.000000e+00
8.353895e-01 1.000000e+00
6.306963e-01 1.000000e+00
3.288436e-02 1.000000e+00
1.083168e-01 1.000000e+00
6.978291e-01 1.000000e+00
7.736459e-01 1.000000e+00
4.338972e-01 1.000000e+00
3.662874e-01 1.000000e+00
9.564711e-01 1.000000e+00
5.017402e-01 1.000000e+00
1.618085e-01 1.000000e+00
1.570702e-01 1.000000e+00
5.045707e-01 1.000000e+00
9.590272e-01 1.000000e+00
3.617633e-01 1.000000e+00
4.308227e-01 1.000000e+00
7.786283e-01 1.000000e+00
7.030856e-01 1.000000e+00
1.050282e-01 1.000000e+00
3.592853e-02 1.000000e+00
6.256842e-01 1.000000e+00
8.301632e-01 1.000000e+00
4.906593e-01 1.000000e+00
3.097721e-01 1.000000e+00
8.997108e-01 1.000000e+00
5.741305e-01 1.000000e+00
2.339552e-01 1.000000e+00
2.030085e-01 1.000000e+00
6.050733e-01 1.000000e+00
9.308977e-01 1.000000e+00
2.785814e-01 1.000000e+00
4.591061e-01 1.000000e+00
8.617202e-01 1.000000e+00
6.569970e-01 1.000000e+00
4.619581e-03 1.000000e+00
7.420361e-02 1.000000e+00
7.339064e-01 1.000000e+00
8.096931e-01 1.000000e+00
3.997540e-01 1.000000e+00
3.300880e-01 1.000000e+00
9.907063e-01 1.000000e+00
5.360055e-01 1.000000e+00
1.256392e-01 1.000000e+00
1.000000e+00 1.789198e-01
1.000000e+00 5.188582e-01
1.000000e+00 9.393712e-01
1.000000e+00 3.491961e-01
1.000000e+00 4.206855e-01
1.000000e+00 7.604409e-01
1.000000e+00 7.110141e-01
1.000000e+00 1.215104e-01
1.000000e+00 4.997179e-02
1.000000e+00 6.477771e-01
1.000000e+00 8.183287e-01
1.000000e+00 4.702715e-01
1.000000e+00 2.918295e-01
1.000000e+00 8.893297e-01
1.000000e+00 5.898796e-01
1.000000e+00 2.426159e-01
1.000000e+00 2.109405e-01
1.000000e+00 6.215588e-01
1.000000e+00 9.207649e-01
1.000000e+00 2.603982e-01
1.000000e+00 4.394468e-01
1.000000e+00 8.491496e-01
1.000000e+00 6.788423e-01
1.000000e+00 1.890280e-02
1.000000e+00 8.995711e-02
1.000000e+00 7.425712e-01
1.000000e+00 7.917540e-01
1.000000e+00 3.893762e-01
1.000000e+00 3.182493e-01
1.000000e+00 9.703142e-01
1.000000e+00 5.500455e-01
1.000000e+00 1.477287e-01
1.000000e+00 1.274878e-01
1.000000e+00 5.380441e-01
1.000000e+00 9.885867e-01
1.000000e+00 3.282824e-01
1.000000e+00 4.018048e-01
1.000000e+00 8.115676e-01
1.000000e+00 7.321110e-01
1.000000e+00 7.211182e-02
1.000000e+00 6.413827e-03
1.000000e+00 6.590899e-01
1.000000e+00 8.596702e-01
1.000000e+00 4.572308e-01
1.000000e+00 2.806999e-01
1.000000e+00 9.327045e-01
1.000000e+00 6.032255e-01
1.000000e+00 2.009692e-01
1.000000e+00 2.321561e-01
1.000000e+00 5.720348e-01
1.000000e+00 9.017579e-01
1.000000e+00 3.116427e-01
1.000000e+00 4.885436e-01
1.000000e+00 8.283612e-01
1.000000e+00 6.275367e-01
1.000000e+00 3.797085e-02
1.000000e+00 1.031766e-01
1.000000e+00 7.010424e-01
1.000000e+00 7.807430e-01
1.000000e+00 4.326256e-01
1.000000e+00 3.597172e-01
1.000000e+00 9.571557e-01
1.000000e+00 5.063688e-01
1.000000e+00 1.591669e-01
1.000000e+00 1.636762e-01
1.000000e+00 5.037979e-01
1.000000e+00 9.543705e-01
1.000000e+00 3.645007e-01
1.000000e+00 4.359289e-01
1.000000e+00 7.755014e-01
1.000000e+00 6.960146e-01
1.000000e+00 1.062059e-01
1.000000e+00 3.469768e-02
1.000000e+00 6.328083e-01
1.000000e+00 8.333585e-01
1.000000e+00 4.854846e-01
1.000000e+00 3.071035e-01
1.000000e+00 9.042987e-01
1.000000e+00 5.748496e-01
1.000000e+00 2.274029e-01
1.000000e+00 1.959715e-01
1.000000e+00 6.062848e-01
1.000000e+00 9.359779e-01
1.000000e+00 2.754281e-01
1.000000e+00 4.544156e-01
1.000000e+00 8.644237e-01
1.000000e+00 6.636292e-01
1.000000e+00 3.872959e-03
1.000000e+00 7.489662e-02
1.000000e+00 7.273278e-01
1.000000e+00 8.070585e-01
1.000000e+00 4.043756e-01
1.000000e+00 3.333097e-01
1.000000e+00 9.855578e-01
1.000000e+00 5.347408e-01
1.000000e+00 1.327294e-01
1.000000e+00 1.427009e-01
1.000000e+00 5.530739e-01
1.000000e+00 9.736179e-01
1.000000e+00 3.130082e-01
1.000000e+00 3.865919e-01
1.000000e+00 7.965377e-01
1.000000e+00 7.470799e-01
1.000000e+00 8.738580e-02
1.000000e+00 2.171846e-02
1.000000e+00 6.740893e-01
1.000000e+00 8.446098e-01
1.000000e+00 4.419872e-01
1.000000e+00 2.653954e-01
1.000000e+00 9.177051e-01
1.000000e+00 6.182860e-01
1.000000e+00 2.162127e-01
1.000000e+00 2.471555e-01
1.000000e+00 5.873393e-01
1.000000e+00 8.865144e-01
1.000000e+00 2.965822e-01
1.000000e+00 4.735442e-01
1.000000e+00 8.130566e-01
1.000000e+00 6.427803e-01
1.000000e+00 5.303122e-02
1.000000e+00 1.182066e-01
1.000000e+00 7.162553e-01
1.000000e+00 7.654691e-01
1.000000e+00 4.176567e-01
1.000000e+00 3.446873e-01
1.000000e+00 9.419426e-01
1.000000e+00 5.216429e-01
1.000000e+00 1.741357e-01
1.000000e+00 1.856294e-01
1.000000e+00 5.258047e-01
1.000000e+00 9.460816e-01
1.000000e+00 3.561428e-01
1.000000e+00 4.139832e-01
1.000000e+00 7.534870e-01
1.000000e+00 7.043116e-01
1.000000e+00 1.145559e-01
1.000000e+00 5.667431e-02
1.000000e+00 6.547317e-01
1.000000e+00 8.250310e-01
1.000000e+00 4.772254e-01
1.000000e+00 2.851191e-01
1.000000e+00 8.823830e-01
1.000000e+00 5.831699e-01
1.000000e+00 2.356694e-01
1.000000e+00 2.042384e-01
1.000000e+00 6.146047e-01
1.000000e+00 9.140621e-01
1.000000e+00 2.534439e-01
1.000000e+00 4.461567e-01
1.000000e+00 8.560958e-01
1.000000e+00 6.855525e-01
1.000000e+00 2.584971e-02
1.000000e+00 8.324692e-02
1.000000e+00 7.356243e-01
1.000000e+00 7.850440e-01
1.000000e+00 3.824300e-01
1.000000e+00 3.249521e-01
1.000000e+00 9.772685e-01
1.000000e+00 5.567476e-01
1.000000e+00 1.546828e-01
1.459259e-01 0.000000e+00
5.479306e-01 0.000000e+00
9.723575e-01 0.000000e+00
3.201008e-01 0.000000e+00
3.872796e-01 0.000000e+00
7.899558e-01 0.000000e+00
7.444429e-01 0.000000e+00
9.200312e-02 0.000000e+00
1.703226e-02 0.000000e+00
6.767951e-01 0.000000e+00
8.512454e-01 0.000000e+00
4.412458e-01 0.000000e+00
2.583559e-01 0.000000e+00
9.189123e-01 0.000000e+00
6.233608e-01 0.000000e+00
2.130561e-01 0.000000e+00
2.444913e-01 0.000000e+00
5.919295e-01 0.000000e+00
8.872369e-01 0.000000e+00
2.900352e-01 0.000000e+00
4.723110e-01 0.000000e+00
8.201764e-01 0.000000e+00
6.459704e-01 0.000000e+00
4.785317e-02 0.000000e+00
1.233162e-01 0.000000e+00
7.131336e-01 0.000000e+00
7.584024e-01 0.000000e+00
4.188367e-01 0.000000e+00
3.512880e-01 0.000000e+00
9.411665e-01 0.000000e+00
5.169838e-01 0.000000e+00
1.768689e-01 0.000000e+00
1.810002e-01 0.000000e+00
5.284469e-01 0.000000e+00
9.526526e-01 0.000000e+00
3.554574e-01 0.000000e+00
4.068854e-01 0.000000e+00
7.547593e-01 0.000000e+00
7.094525e-01 0.000000e+00
1.113419e-01 0.000000e+00
5.983519e-02 0.000000e+00
6.496439e-01 0.000000e+00
8.238271e-01 0.000000e+00
4.842547e-01 0.000000e+00
2.858734e-01 0.000000e+00
8.757432e-01 0.000000e+00
5.804740e-01 0.000000e+00
2.403523e-01 0.000000e+00
2.094055e-01 0.000000e+00
6.114170e-01 0.000000e+00
9.069304e-01 0.000000e+00
2.546823e-01 0.000000e+00
4.527014e-01 0.000000e+00
8.553843e-01 0.000000e+00
6.809570e-01 0.000000e+00
2.852589e-02 0.000000e+00
8.051713e-02 0.000000e+00
7.402734e-01 0.000000e+00
7.858245e-01 0.000000e+00
3.758164e-01 0.000000e+00
3.237820e-01 0.000000e+00
9.843318e-01 0.000000e+00
5.598821e-01 0.000000e+00
1.495689e-01 0.000000e+00
1.375829e-01 0.000000e+00
5.396562e-01 0.000000e+00
9.943798e-01 0.000000e+00
3.420701e-01 0.000000e+00
3.956150e-01 0.000000e+00
7.982376e-01 0.000000e+00
7.224126e-01 0.000000e+00
7.004184e-02 0.000000e+00
8.788985e-03 0.000000e+00
6.684831e-01 0.000000e+00
8.731833e-01 0.000000e+00
4.632375e-01 0.000000e+00
2.666070e-01 0.000000e+00
9.272166e-01 0.000000e+00
6.014302e-01 0.000000e+00
1.910571e-01 0.000000e+00
2.224920e-01 0.000000e+00
5.699992e-01 0.000000e+00
8.955413e-01 0.000000e+00
2.982861e-01 0.000000e+00
4.943023e-01 0.000000e+00
8.421147e-01 0.000000e+00
6.376585e-01 0.000000e+00
3.960977e-02 0.000000e+00
1.013546e-01 0.000000e+00
6.911037e-01 0.000000e+00
7.666844e-01 0.000000e+00
4.271721e-01 0.000000e+00
3.732569e-01 0.000000e+00
9.631891e-01 0.000000e+00
5.087096e-01 0.000000e+00
1.685258e-01 0.000000e+00
1.706300e-01 0.000000e+00
5.105002e-01 0.000000e+00
9.613251e-01 0.000000e+00
3.712033e-01 0.000000e+00
4.289825e-01 0.000000e+00
7.687916e-01 0.000000e+00
6.890680e-01 0.000000e+00
9.949550e-02 0.000000e+00
4.164435e-02 0.000000e+00
6.395187e-01 0.000000e+00
8.403050e-01 0.000000e+00
4.921943e-01 0.000000e+00
3.001490e-01 0.000000e+00
8.975961e-01 0.000000e+00
5.678958e-01 0.000000e+00
2.207006e-01 0.000000e+00
1.890253e-01 0.000000e+00
5.995749e-01 0.000000e+00
9.290309e-01 0.000000e+00
2.687180e-01 0.000000e+00
4.613697e-01 0.000000e+00
8.711258e-01 0.000000e+00
6.705835e-01 0.000000e+00
1.057572e-02 0.000000e+00
6.794230e-02 0.000000e+00
7.206250e-01 0.000000e+00
8.001044e-01 0.000000e+00
3.976736e-01 0.000000e+00
3.402566e-01 0.000000e+00
9.922679e-01 0.000000e+00
5.416871e-01 0.000000e+00
1.394393e-01 0.000000e+00
1.513794e-01 0.000000e+00
5.619892e-01 0.000000e+00
9.822962e-01 0.000000e+00
3.219228e-01 0.000000e+00
3.779207e-01 0.000000e+00
7.876150e-01 0.000000e+00
7.384095e-01 0.000000e+00
7.846336e-02 0.000000e+00
3.038892e-02 0.000000e+00
6.830117e-01 0.000000e+00
8.532810e-01 0.000000e+00
4.509099e-01 0.000000e+00
2.567170e-01 0.000000e+00
9.087905e-01 0.000000e+00
6.096074e-01 0.000000e+00
2.072974e-01 0.000000e+00
2.384846e-01 0.000000e+00
5.784164e-01 0.000000e+00
8.778437e-01 0.000000e+00
2.876600e-01 0.000000e+00
4.822230e-01 0.000000e+00
8.219717e-01 0.000000e+00
6.514584e-01 0.000000e+00
6.194606e-02 0.000000e+00
1.095285e-01 0.000000e+00
7.073405e-01 0.000000e+00
7.567903e-01 0.000000e+00
4.087416e-01 0.000000e+00
3.533580e-01 0.000000e+00
9.508648e-01 0.000000e+00
5.303138e-01 0.000000e+00
1.830586e-01 0.000000e+00
0.000000e+00 1.364105e-01
0.000000e+00 5.467152e-01
0.000000e+00 9.975091e-01
0.000000e+00 3.369528e-01
0.000000e+00 3.928895e-01
0.000000e+00 8.028891e-01
0.000000e+00 7.231964e-01
0.000000e+00 6.343351e-02
0.000000e+00 1.532844e-02
0.000000e+00 6.677682e-01
0.000000e+00 8.685855e-01
0.000000e+00 4.659093e-01
0.000000e+00 2.717774e-01
0.000000e+00 9.240341e-01
0.000000e+00 5.943028e-01
0.000000e+00 1.922980e-01
0.000000e+00 2.232410e-01
0.000000e+00 5.633560e-01
0.000000e+00 8.928431e-01
0.000000e+00 3.029646e-01
0.000000e+00 4.974665e-01
0.000000e+00 8.370322e-01
0.000000e+00 6.364589e-01
0.000000e+00 4.664155e-02
0.000000e+00 9.425442e-02
0.000000e+00 6.923717e-01
0.000000e+00 7.718201e-01
0.000000e+00 4.239547e-01
0.000000e+00 3.686320e-01
0.000000e+00 9.658337e-01
0.000000e+00 5.152839e-01
0.000000e+00 1.678457e-01
0.000000e+00 1.668000e-01
0.000000e+00 5.143611e-01
0.000000e+00 9.649111e-01
0.000000e+00 3.675863e-01
0.000000e+00 4.249995e-01
0.000000e+00 7.727437e-01
0.000000e+00 6.932953e-01
0.000000e+00 9.529915e-02
0.000000e+00 4.571890e-02
0.000000e+00 6.354132e-01
0.000000e+00 8.359865e-01
0.000000e+00 4.965438e-01
0.000000e+00 3.038883e-01
0.000000e+00 8.938878e-01
0.000000e+00 5.644008e-01
0.000000e+00 2.241646e-01
0.000000e+00 1.933437e-01
0.000000e+00 5.952255e-01
0.000000e+00 9.249568e-01
0.000000e+00 2.728231e-01
0.000000e+00 4.648646e-01
0.000000e+00 8.676619e-01
0.000000e+00 6.668445e-01
0.000000e+00 1.428370e-02
0.000000e+00 6.435617e-02
0.000000e+00 7.242421e-01
0.000000e+00 8.039348e-01
0.000000e+00 3.938122e-01
0.000000e+00 3.360291e-01
0.000000e+00 9.964644e-01
0.000000e+00 5.456705e-01
0.000000e+00 1.354869e-01
0.000000e+00 1.557275e-01
0.000000e+00 5.576711e-01
0.000000e+00 9.781921e-01
0.000000e+00 3.259968e-01
0.000000e+00 3.813843e-01
0.000000e+00 7.841213e-01
0.000000e+00 7.347017e-01
0.000000e+00 8.220119e-02
0.000000e+00 2.677337e-02
0.000000e+00 6.865972e-01
0.000000e+00 8.571406e-01
0.000000e+00 4.470803e-01
0.000000e+00 2.525212e-01
0.000000e+00 9.130164e-01
0.000000e+00 6.135591e-01
0.000000e+00 2.033157e-01
0.000000e+00 2.346246e-01
0.000000e+00 5.822463e-01
0.000000e+00 8.814594e-01
0.000000e+00 2.840744e-01
0.000000e+00 4.782710e-01
0.000000e+00 8.259537e-01
0.000000e+00 6.556543e-01
0.000000e+00 5.772004e-02
0.000000e+00 1.136322e-01
0.000000e+00 7.032669e-01
0.000000e+00 7.524423e-01
0.000000e+00 4.130596e-01
0.000000e+00 3.570655e-01
0.000000e+00 9.471273e-01
0.000000e+00 5.268504e-01
0.000000e+00 1.865521e-01
0.000000e+00 1.750584e-01
0.000000e+00 5.226886e-01
0.000000e+00 9.429883e-01
0.000000e+00 3.456100e-01
0.000000e+00 4.167331e-01
0.000000e+00 7.644243e-01
0.000000e+00 7.152106e-01
0.000000e+00 1.172829e-01
0.000000e+00 5.407695e-02
0.000000e+00 6.437029e-01
0.000000e+00 8.139793e-01
0.000000e+00 4.745899e-01
0.000000e+00 2.955375e-01
0.000000e+00 8.855907e-01
0.000000e+00 5.864157e-01
0.000000e+00 2.461107e-01
0.000000e+00 2.152900e-01
0.000000e+00 6.172403e-01
0.000000e+00 9.166594e-01
0.000000e+00 2.644727e-01
0.000000e+00 4.429108e-01
0.000000e+00 8.456546e-01
0.000000e+00 6.751340e-01
0.000000e+00 2.264211e-02
0.000000e+00 8.634008e-02
0.000000e+00 7.461573e-01
0.000000e+00 7.956150e-01
0.000000e+00 3.855462e-01
0.000000e+00 3.140530e-01
0.000000e+00 9.745415e-01
0.000000e+00 5.539975e-01
0.000000e+00 1.437456e-01
0.000000e+00 1.318058e-01
0.000000e+00 5.336961e-01
0.000000e+00 9.845130e-01
0.000000e+00 3.323860e-01
0.000000e+00 4.052983e-01
0.000000e+00 8.081042e-01
0.000000e+00 7.283735e-01
0.000000e+00 7.581928e-02
0.000000e+00 2.828227e-03
0.000000e+00 6.627055e-01
0.000000e+00 8.635001e-01
0.000000e+00 4.533708e-01
0.000000e+00 2.764739e-01
0.000000e+00 9.369005e-01
0.000000e+00 6.072075e-01
0.000000e+00 1.970172e-01
0.000000e+00 2.283265e-01
0.000000e+00 5.758944e-01
0.000000e+00 9.053434e-01
0.000000e+00 3.080272e-01
0.000000e+00 4.845619e-01
0.000000e+00 8.323129e-01
0.000000e+00 6.317626e-01
0.000000e+00 3.377502e-02
0.000000e+00 1.072507e-01
0.000000e+00 6.969383e-01
0.000000e+00 7.764250e-01
0.000000e+00 4.369737e-01
0.000000e+00 3.634550e-01
0.000000e+00 9.534479e-01
0.000000e+00 5.028752e-01
0.000000e+00 1.626305e-01
