1.949318e-03
3.898635e-03
5.847953e-03
7.797271e-03
9.746589e-03
1.169591e-02
1.364522e-02
1.559454e-02
1.754386e-02
1.949318e-02
2.144250e-02
2.339181e-02
2.534113e-02
2.729045e-02
2.923977e-02
3.118908e-02
3.313840e-02
3.508772e-02
3.703704e-02
3.898635e-02
4.093567e-02
4.288499e-02
4.483431e-02
4.678363e-02
4.873294e-02
5.068226e-02
5.263158e-02
5.458090e-02
5.653021e-02
5.847953e-02
6.042885e-02
6.237817e-02
6.432749e-02
6.627680e-02
6.822612e-02
7.017544e-02
7.212476e-02
7.407407e-02
7.602339e-02
7.797271e-02
7.992203e-02
8.187135e-02
8.382066e-02
8.576998e-02
8.771930e-02
8.966862e-02
9.161793e-02
9.356725e-02
9.551657e-02
9.746589e-02
9.941520e-02
1.013645e-01
1.033138e-01
1.052632e-01
1.072125e-01
1.091618e-01
1.111111e-01
1.130604e-01
1.150097e-01
1.169591e-01
1.189084e-01
1.208577e-01
1.228070e-01
1.247563e-01
1.267057e-01
1.286550e-01
1.306043e-01
1.325536e-01
1.345029e-01
1.364522e-01
1.384016e-01
1.403509e-01
1.423002e-01
1.442495e-01
1.461988e-01
1.481481e-01
1.500975e-01
1.520468e-01
1.539961e-01
1.559454e-01
1.578947e-01
1.598441e-01
1.617934e-01
1.637427e-01
1.656920e-01
1.676413e-01
1.695906e-01
1.715400e-01
1.734893e-01
1.754386e-01
1.773879e-01
1.793372e-01
1.812865e-01
1.832359e-01
1.851852e-01
1.871345e-01
1.890838e-01
1.910331e-01
1.929825e-01
1.949318e-01
1.968811e-01
1.988304e-01
2.007797e-01
2.027290e-01
2.046784e-01
2.066277e-01
2.085770e-01
2.105263e-01
2.124756e-01
2.144250e-01
2.163743e-01
2.183236e-01
2.202729e-01
2.222222e-01
2.241715e-01
2.261209e-01
2.280702e-01
2.300195e-01
2.319688e-01
2.339181e-01
2.358674e-01
2.378168e-01
2.397661e-01
2.417154e-01
2.436647e-01
2.456140e-01
2.475634e-01
2.495127e-01
2.514620e-01
2.534113e-01
2.553606e-01
2.573099e-01
2.592593e-01
2.612086e-01
2.631579e-01
2.651072e-01
2.670565e-01
2.690058e-01
2.709552e-01
2.729045e-01
2.748538e-01
2.768031e-01
2.787524e-01
2.807018e-01
2.826511e-01
2.846004e-01
2.865497e-01
2.884990e-01
2.904483e-01
2.923977e-01
2.943470e-01
2.962963e-01
2.982456e-01
3.001949e-01
3.021442e-01
3.040936e-01
3.060429e-01
3.079922e-01
3.099415e-01
3.118908e-01
3.138402e-01
3.157895e-01
3.177388e-01
3.196881e-01
3.216374e-01
3.235867e-01
3.255361e-01
3.274854e-01
3.294347e-01
3.313840e-01
3.333333e-01
3.352827e-01
3.372320e-01
3.391813e-01
3.411306e-01
3.430799e-01
3.450292e-01
3.469786e-01
3.489279e-01
3.508772e-01
3.528265e-01
3.547758e-01
3.567251e-01
3.586745e-01
3.606238e-01
3.625731e-01
3.645224e-01
3.664717e-01
3.684211e-01
3.703704e-01
3.723197e-01
3.742690e-01
3.762183e-01
3.781676e-01
3.801170e-01
3.820663e-01
3.840156e-01
3.859649e-01
3.879142e-01
3.898635e-01
3.918129e-01
3.937622e-01
3.957115e-01
3.976608e-01
3.996101e-01
4.015595e-01
4.035088e-01
4.054581e-01
4.074074e-01
4.093567e-01
4.113060e-01
4.132554e-01
4.152047e-01
4.171540e-01
4.191033e-01
4.210526e-01
4.230019e-01
4.249513e-01
4.269006e-01
4.288499e-01
4.307992e-01
4.327485e-01
4.346979e-01
4.366472e-01
4.385965e-01
4.405458e-01
4.424951e-01
4.444444e-01
4.463938e-01
4.483431e-01
4.502924e-01
4.522417e-01
4.541910e-01
4.561404e-01
4.580897e-01
4.600390e-01
4.619883e-01
4.639376e-01
4.658869e-01
4.678363e-01
4.697856e-01
4.717349e-01
4.736842e-01
4.756335e-01
4.775828e-01
4.795322e-01
4.814815e-01
4.834308e-01
4.853801e-01
4.873294e-01
4.892788e-01
4.912281e-01
4.931774e-01
4.951267e-01
4.970760e-01
4.990253e-01
5.009747e-01
5.029240e-01
5.048733e-01
5.068226e-01
5.087719e-01
5.107212e-01
5.126706e-01
5.146199e-01
5.165692e-01
5.185185e-01
5.204678e-01
5.224172e-01
5.243665e-01
5.263158e-01
5.282651e-01
5.302144e-01
5.321637e-01
5.341131e-01
5.360624e-01
5.380117e-01
5.399610e-01
5.419103e-01
5.438596e-01
5.458090e-01
5.477583e-01
5.497076e-01
5.516569e-01
5.536062e-01
5.555556e-01
5.575049e-01
5.594542e-01
5.614035e-01
5.633528e-01
5.653021e-01
5.672515e-01
5.692008e-01
5.711501e-01
5.730994e-01
5.750487e-01
5.769981e-01
5.789474e-01
5.808967e-01
5.828460e-01
5.847953e-01
5.867446e-01
5.886940e-01
5.906433e-01
5.925926e-01
5.945419e-01
5.964912e-01
5.984405e-01
6.003899e-01
6.023392e-01
6.042885e-01
6.062378e-01
6.081871e-01
6.101365e-01
6.120858e-01
6.140351e-01
6.159844e-01
6.179337e-01
6.198830e-01
6.218324e-01
6.237817e-01
6.257310e-01
6.276803e-01
6.296296e-01
6.315789e-01
6.335283e-01
6.354776e-01
6.374269e-01
6.393762e-01
6.413255e-01
6.432749e-01
6.452242e-01
6.471735e-01
6.491228e-01
6.510721e-01
6.530214e-01
6.549708e-01
6.569201e-01
6.588694e-01
6.608187e-01
6.627680e-01
6.647173e-01
6.666667e-01
6.686160e-01
6.705653e-01
6.725146e-01
6.744639e-01
6.764133e-01
6.783626e-01
6.803119e-01
6.822612e-01
6.842105e-01
6.861598e-01
6.881092e-01
6.900585e-01
6.920078e-01
6.939571e-01
6.959064e-01
6.978558e-01
6.998051e-01
7.017544e-01
7.037037e-01
7.056530e-01
7.076023e-01
7.095517e-01
7.115010e-01
7.134503e-01
7.153996e-01
7.173489e-01
7.192982e-01
7.212476e-01
7.231969e-01
7.251462e-01
7.270955e-01
7.290448e-01
7.309942e-01
7.329435e-01
7.348928e-01
7.368421e-01
7.387914e-01
7.407407e-01
7.426901e-01
7.446394e-01
7.465887e-01
7.485380e-01
7.504873e-01
7.524366e-01
7.543860e-01
7.563353e-01
7.582846e-01
7.602339e-01
7.621832e-01
7.641326e-01
7.660819e-01
7.680312e-01
7.699805e-01
7.719298e-01
7.738791e-01
7.758285e-01
7.777778e-01
7.797271e-01
7.816764e-01
7.836257e-01
7.855750e-01
7.875244e-01
7.894737e-01
7.914230e-01
7.933723e-01
7.953216e-01
7.972710e-01
7.992203e-01
8.011696e-01
8.031189e-01
8.050682e-01
8.070175e-01
8.089669e-01
8.109162e-01
8.128655e-01
8.148148e-01
8.167641e-01
8.187135e-01
8.206628e-01
8.226121e-01
8.245614e-01
8.265107e-01
8.284600e-01
8.304094e-01
8.323587e-01
8.343080e-01
8.362573e-01
8.382066e-01
8.401559e-01
8.421053e-01
8.440546e-01
8.460039e-01
8.479532e-01
8.499025e-01
8.518519e-01
8.538012e-01
8.557505e-01
8.576998e-01
8.596491e-01
8.615984e-01
8.635478e-01
8.654971e-01
8.674464e-01
8.693957e-01
8.713450e-01
8.732943e-01
8.752437e-01
8.771930e-01
8.791423e-01
8.810916e-01
8.830409e-01
8.849903e-01
8.869396e-01
8.888889e-01
8.908382e-01
8.927875e-01
8.947368e-01
8.966862e-01
8.986355e-01
9.005848e-01
9.025341e-01
9.044834e-01
9.064327e-01
9.083821e-01
9.103314e-01
9.122807e-01
9.142300e-01
9.161793e-01
9.181287e-01
9.200780e-01
9.220273e-01
9.239766e-01
9.259259e-01
9.278752e-01
9.298246e-01
9.317739e-01
9.337232e-01
9.356725e-01
9.376218e-01
9.395712e-01
9.415205e-01
9.434698e-01
9.454191e-01
9.473684e-01
9.493177e-01
9.512671e-01
9.532164e-01
9.551657e-01
9.571150e-01
9.590643e-01
9.610136e-01
9.629630e-01
9.649123e-01
9.668616e-01
9.688109e-01
9.707602e-01
9.727096e-01
9.746589e-01
9.766082e-01
9.785575e-01
9.805068e-01
9.824561e-01
9.844055e-01
9.863548e-01
9.883041e-01
9.902534e-01
9.922027e-01
9.941520e-01
9.961014e-01
9.980507e-01
