1.000000e+00 6.488260e-01
1.000000e+00 3.469464e-01
1.000000e+00 7.055208e-02
1.000000e+00 9.249227e-01
1.000000e+00 8.217008e-01
1.000000e+00 1.741173e-01
1.000000e+00 3.996006e-01
1.000000e+00 5.957674e-01
1.000000e+00 5.222245e-01
1.000000e+00 4.823083e-01
1.000000e+00 1.939433e-01
1.000000e+00 8.102767e-01
1.000000e+00 9.451148e-01
1.000000e+00 5.949431e-02
1.000000e+00 2.730378e-01
1.000000e+00 7.311669e-01
1.000000e+00 6.896551e-01
1.000000e+00 3.057435e-01
1.000000e+00 1.800498e-02
1.000000e+00 9.778437e-01
1.000000e+00 7.687792e-01
1.000000e+00 2.266651e-01
1.000000e+00 4.408028e-01
1.000000e+00 5.549391e-01
1.000000e+00 5.747802e-01
1.000000e+00 4.293940e-01
1.000000e+00 1.531076e-01
1.000000e+00 8.514711e-01
1.000000e+00 9.039193e-01
1.000000e+00 1.003312e-01
1.000000e+00 3.259509e-01
1.000000e+00 6.786124e-01
1.000000e+00 6.587626e-01
1.000000e+00 3.375954e-01
1.000000e+00 1.120975e-01
1.000000e+00 8.846800e-01
1.000000e+00 8.629019e-01
1.000000e+00 1.335323e-01
1.000000e+00 4.099411e-01
1.000000e+00 5.868212e-01
1.000000e+00 5.431727e-01
1.000000e+00 4.600421e-01
1.000000e+00 2.465150e-01
1.000000e+00 7.571347e-01
1.000000e+00 9.972966e-01
1.000000e+00 5.964032e-03
1.000000e+00 2.943126e-01
1.000000e+00 7.092303e-01
1.000000e+00 7.429335e-01
1.000000e+00 2.537983e-01
1.000000e+00 3.964462e-02
1.000000e+00 9.567591e-01
1.000000e+00 7.908235e-01
1.000000e+00 2.059845e-01
1.000000e+00 4.937389e-01
1.000000e+00 5.026495e-01
1.000000e+00 6.156171e-01
1.000000e+00 3.879563e-01
1.000000e+00 1.623508e-01
1.000000e+00 8.409404e-01
1.000000e+00 9.134921e-01
1.000000e+00 9.012710e-02
1.000000e+00 3.663995e-01
1.000000e+00 6.367848e-01
1.000000e+00 6.278855e-01
1.000000e+00 3.689740e-01
1.000000e+00 8.074753e-02
1.000000e+00 9.155856e-01
1.000000e+00 8.320094e-01
1.000000e+00 1.648959e-01
1.000000e+00 3.785451e-01
1.000000e+00 6.176812e-01
1.000000e+00 5.120380e-01
1.000000e+00 4.916518e-01
1.000000e+00 2.148767e-01
1.000000e+00 7.882408e-01
1.000000e+00 9.661774e-01
1.000000e+00 3.758867e-02
1.000000e+00 2.627203e-01
1.000000e+00 7.403820e-01
1.000000e+00 7.115680e-01
1.000000e+00 2.846888e-01
1.000000e+00 8.782674e-03
1.000000e+00 9.881532e-01
1.000000e+00 7.594430e-01
1.000000e+00 2.368596e-01
1.000000e+00 4.628314e-01
1.000000e+00 5.339976e-01
1.000000e+00 5.839943e-01
1.000000e+00 4.190775e-01
1.000000e+00 1.312010e-01
1.000000e+00 8.725345e-01
1.000000e+00 8.818844e-01
1.000000e+00 1.212637e-01
1.000000e+00 3.352953e-01
1.000000e+00 6.684250e-01
1.000000e+00 6.796992e-01
1.000000e+00 3.155639e-01
1.000000e+00 1.018983e-01
1.000000e+00 8.940133e-01
1.000000e+00 8.525895e-01
1.000000e+00 1.427499e-01
1.000000e+00 4.309928e-01
1.000000e+00 5.649035e-01
1.000000e+00 5.533631e-01
1.000000e+00 4.507025e-01
1.000000e+00 2.255854e-01
1.000000e+00 7.791744e-01
1.000000e+00 9.762379e-01
1.000000e+00 2.787343e-02
1.000000e+00 3.046339e-01
1.000000e+00 7.000191e-01
1.000000e+00 7.210168e-01
1.000000e+00 2.748490e-01
1.000000e+00 4.886317e-02
1.000000e+00 9.464458e-01
1.000000e+00 8.001559e-01
1.000000e+00 1.957862e-01
1.000000e+00 4.717065e-01
1.000000e+00 5.235871e-01
1.000000e+00 6.064068e-01
1.000000e+00 3.982767e-01
1.000000e+00 1.842611e-01
1.000000e+00 8.198807e-01
1.000000e+00 9.355309e-01
1.000000e+00 6.919839e-02
1.000000e+00 3.570589e-01
1.000000e+00 6.469761e-01
0.000000e+00 6.435240e-01
0.000000e+00 3.533623e-01
0.000000e+00 6.511261e-02
0.000000e+00 9.312014e-01
0.000000e+00 8.163828e-01
0.000000e+00 1.805187e-01
0.000000e+00 3.941757e-01
0.000000e+00 6.020621e-01
0.000000e+00 5.276495e-01
0.000000e+00 4.760135e-01
0.000000e+00 1.992617e-01
0.000000e+00 8.038750e-01
0.000000e+00 9.505539e-01
0.000000e+00 5.321598e-02
0.000000e+00 2.783397e-01
0.000000e+00 7.247511e-01
0.000000e+00 6.959491e-01
0.000000e+00 3.003193e-01
0.000000e+00 2.440563e-02
0.000000e+00 9.725264e-01
0.000000e+00 7.750586e-01
0.000000e+00 2.212249e-01
0.000000e+00 4.472194e-01
0.000000e+00 5.496364e-01
0.000000e+00 5.683632e-01
0.000000e+00 4.346971e-01
0.000000e+00 1.468281e-01
0.000000e+00 8.569114e-01
0.000000e+00 8.975188e-01
0.000000e+00 1.056484e-01
0.000000e+00 3.196573e-01
0.000000e+00 6.840363e-01
0.000000e+00 6.640646e-01
0.000000e+00 3.311795e-01
0.000000e+00 1.175370e-01
0.000000e+00 8.784013e-01
0.000000e+00 8.682199e-01
0.000000e+00 1.271309e-01
0.000000e+00 4.153660e-01
0.000000e+00 5.805265e-01
0.000000e+00 5.377477e-01
0.000000e+00 4.663369e-01
0.000000e+00 2.411967e-01
0.000000e+00 7.635364e-01
0.000000e+00 9.918575e-01
0.000000e+00 1.224237e-02
0.000000e+00 2.890107e-01
0.000000e+00 7.156461e-01
0.000000e+00 7.366396e-01
0.000000e+00 2.592225e-01
0.000000e+00 3.324397e-02
0.000000e+00 9.620763e-01
0.000000e+00 7.845441e-01
0.000000e+00 2.114247e-01
0.000000e+00 4.873223e-01
0.000000e+00 5.079523e-01
0.000000e+00 6.220340e-01
0.000000e+00 3.826533e-01
0.000000e+00 1.686303e-01
0.000000e+00 8.355001e-01
0.000000e+00 9.198927e-01
0.000000e+00 8.480995e-02
0.000000e+00 3.726931e-01
0.000000e+00 6.313610e-01
0.000000e+00 6.332026e-01
0.000000e+00 3.625736e-01
0.000000e+00 8.617149e-02
0.000000e+00 9.092919e-01
0.000000e+00 8.373124e-01
0.000000e+00 1.584791e-01
0.000000e+00 3.839855e-01
0.000000e+00 6.114016e-01
0.000000e+00 5.065980e-01
0.000000e+00 4.979311e-01
0.000000e+00 2.095739e-01
0.000000e+00 7.946576e-01
0.000000e+00 9.607533e-01
0.000000e+00 4.388251e-02
0.000000e+00 2.574029e-01
0.000000e+00 7.467828e-01
0.000000e+00 7.052895e-01
0.000000e+00 2.901281e-01
0.000000e+00 2.367011e-03
0.000000e+00 9.934550e-01
0.000000e+00 7.531481e-01
0.000000e+00 2.422848e-01
0.000000e+00 4.564298e-01
0.000000e+00 5.393158e-01
0.000000e+00 5.903958e-01
0.000000e+00 4.137594e-01
0.000000e+00 1.374955e-01
0.000000e+00 8.671097e-01
0.000000e+00 8.883004e-01
0.000000e+00 1.159616e-01
0.000000e+00 3.415739e-01
0.000000e+00 6.629857e-01
0.000000e+00 6.743822e-01
0.000000e+00 3.219643e-01
0.000000e+00 9.647434e-02
0.000000e+00 9.003070e-01
0.000000e+00 8.472866e-01
0.000000e+00 1.491668e-01
0.000000e+00 4.255524e-01
0.000000e+00 5.711832e-01
0.000000e+00 5.588031e-01
0.000000e+00 4.444232e-01
0.000000e+00 2.308882e-01
0.000000e+00 7.727577e-01
0.000000e+00 9.816619e-01
0.000000e+00 2.157959e-02
0.000000e+00 3.099513e-01
0.000000e+00 6.936183e-01
0.000000e+00 7.272952e-01
0.000000e+00 2.694098e-01
0.000000e+00 5.527883e-02
0.000000e+00 9.411440e-01
0.000000e+00 8.064508e-01
0.000000e+00 1.903611e-01
0.000000e+00 4.781081e-01
0.000000e+00 5.182689e-01
0.000000e+00 6.000053e-01
0.000000e+00 4.035949e-01
0.000000e+00 1.779666e-01
0.000000e+00 8.253055e-01
0.000000e+00 9.291148e-01
0.000000e+00 7.450053e-02
0.000000e+00 3.507804e-01
0.000000e+00 6.524154e-01
