1.000000e+01 4.401869e-01 4.648001e-01
2.000000e+01 4.595908e-02 4.216431e-01
3.000000e+01 4.794356e-02 4.375979e-01
4.000000e+01 5.423242e-02 4.405566e-01
5.000000e+01 6.161248e-02 4.444978e-01
6.000000e+01 6.071594e-02 4.444502e-01
7.000000e+01 6.040437e-02 4.462402e-01
8.000000e+01 6.081024e-02 4.465483e-01
9.000000e+01 6.418064e-02 4.482747e-01
1.000000e+02 6.421288e-02 4.483238e-01
1.100000e+02 6.374676e-02 4.481272e-01
1.200000e+02 6.705644e-02 4.497847e-01
1.300000e+02 6.630062e-02 4.496128e-01
1.400000e+02 6.693881e-02 4.498784e-01
1.500000e+02 6.984765e-02 4.496955e-01
1.600000e+02 7.009020e-02 4.494246e-01
1.700000e+02 7.017702e-02 4.497688e-01
1.800000e+02 7.060642e-02 4.489920e-01
1.900000e+02 7.087410e-02 4.488721e-01
2.000000e+02 7.096571e-02 4.487854e-01
2.100000e+02 6.977460e-02 4.450490e-01
2.200000e+02 7.224060e-02 4.441628e-01
2.300000e+02 6.846868e-02 4.378416e-01
2.400000e+02 6.696834e-02 4.356516e-01
2.500000e+02 6.342011e-02 4.294422e-01
2.600000e+02 6.276683e-02 4.276935e-01
2.700000e+02 6.333394e-02 4.272311e-01
2.800000e+02 6.358062e-02 4.257534e-01
2.900000e+02 6.354511e-02 4.256541e-01
3.000000e+02 6.389565e-02 4.261027e-01
3.100000e+02 6.432525e-02 4.261494e-01
3.200000e+02 6.317386e-02 4.252541e-01
3.300000e+02 6.322600e-02 4.254253e-01
3.400000e+02 6.316242e-02 4.251237e-01
3.500000e+02 6.387466e-02 4.246769e-01
3.600000e+02 6.386751e-02 4.236491e-01
3.700000e+02 6.366013e-02 4.239900e-01
3.800000e+02 6.428677e-02 4.242527e-01
3.900000e+02 6.377136e-02 4.235546e-01
4.000000e+02 6.358073e-02 4.234937e-01
4.100000e+02 6.269994e-02 4.231408e-01
4.200000e+02 6.210703e-02 4.226276e-01
4.300000e+02 6.104666e-02 4.209030e-01
4.400000e+02 5.988193e-02 4.198499e-01
4.500000e+02 5.984793e-02 4.196710e-01
4.600000e+02 6.046817e-02 4.197754e-01
4.700000e+02 6.166775e-02 4.192441e-01
4.800000e+02 6.110741e-02 4.168902e-01
4.900000e+02 5.749822e-02 4.013605e-01
5.000000e+02 5.757247e-02 3.985689e-01
5.100000e+02 5.776441e-02 3.932624e-01
5.200000e+02 5.888676e-02 3.921938e-01
5.300000e+02 5.761438e-02 3.876173e-01
5.400000e+02 5.514512e-02 3.824315e-01
5.500000e+02 5.650880e-02 3.817705e-01
5.600000e+02 5.703275e-02 3.802887e-01
5.700000e+02 5.777143e-02 3.812650e-01
5.800000e+02 6.269365e-02 3.786393e-01
5.900000e+02 6.382697e-02 3.745323e-01
6.000000e+02 6.117934e-02 3.669824e-01
6.100000e+02 6.410855e-02 3.592998e-01
6.200000e+02 5.749107e-02 3.547252e-01
6.300000e+02 5.666075e-02 3.537922e-01
6.400000e+02 5.551897e-02 3.525379e-01
6.500000e+02 5.477494e-02 3.521367e-01
6.600000e+02 5.785486e-02 3.492935e-01
6.700000e+02 5.655780e-02 3.463591e-01
6.800000e+02 5.132201e-02 3.325691e-01
6.900000e+02 4.788378e-02 3.213606e-01
7.000000e+02 4.714410e-02 3.155741e-01
7.100000e+02 4.316919e-02 3.054148e-01
7.200000e+02 4.200435e-02 2.998161e-01
7.300000e+02 4.081115e-02 2.943431e-01
7.400000e+02 4.108482e-02 2.943253e-01
7.500000e+02 4.134876e-02 2.942526e-01
7.600000e+02 4.068774e-02 2.946258e-01
7.700000e+02 4.066904e-02 2.939803e-01
7.800000e+02 4.017517e-02 2.885220e-01
7.900000e+02 4.013431e-02 2.859390e-01
8.000000e+02 3.820890e-02 2.795012e-01
8.100000e+02 3.838484e-02 2.804374e-01
8.200000e+02 3.793596e-02 2.804108e-01
8.300000e+02 3.692215e-02 2.743852e-01
8.400000e+02 3.672745e-02 2.735776e-01
8.500000e+02 3.625740e-02 2.716873e-01
8.600000e+02 3.610042e-02 2.719008e-01
8.700000e+02 3.613025e-02 2.699984e-01
8.800000e+02 3.607535e-02 2.707984e-01
8.900000e+02 3.543117e-02 2.677807e-01
9.000000e+02 3.519855e-02 2.689225e-01
9.100000e+02 3.474725e-02 2.664785e-01
9.200000e+02 3.445419e-02 2.667973e-01
9.300000e+02 3.534049e-02 2.651387e-01
9.400000e+02 3.595487e-02 2.611021e-01
9.500000e+02 3.461697e-02 2.581695e-01
9.600000e+02 3.255349e-02 2.533795e-01
9.700000e+02 3.105222e-02 2.499257e-01
9.800000e+02 3.042247e-02 2.483557e-01
9.900000e+02 3.042599e-02 2.458210e-01
1.000000e+03 3.134443e-02 2.469175e-01
1.010000e+03 3.065486e-02 2.454190e-01
1.020000e+03 3.086517e-02 2.448109e-01
1.030000e+03 3.047272e-02 2.445487e-01
1.040000e+03 3.065105e-02 2.438946e-01
1.050000e+03 3.050005e-02 2.437950e-01
1.060000e+03 3.098000e-02 2.427310e-01
1.070000e+03 3.073729e-02 2.423801e-01
1.080000e+03 3.076870e-02 2.417891e-01
1.090000e+03 3.063285e-02 2.407550e-01
1.100000e+03 2.828512e-02 2.372371e-01
1.110000e+03 2.747128e-02 2.355077e-01
1.120000e+03 2.750547e-02 2.349434e-01
1.130000e+03 2.674496e-02 2.330951e-01
1.140000e+03 2.668497e-02 2.333213e-01
1.150000e+03 2.677838e-02 2.336859e-01
1.160000e+03 2.683624e-02 2.335653e-01
1.170000e+03 2.667581e-02 2.330707e-01
1.180000e+03 2.674288e-02 2.333259e-01
1.190000e+03 2.665583e-02 2.339901e-01
1.200000e+03 2.672048e-02 2.341598e-01
1.210000e+03 2.654477e-02 2.336465e-01
1.220000e+03 2.539775e-02 2.302790e-01
1.230000e+03 2.513841e-02 2.290587e-01
1.240000e+03 2.349935e-02 2.251724e-01
1.250000e+03 2.341483e-02 2.241117e-01
1.260000e+03 2.342733e-02 2.233033e-01
1.270000e+03 2.334461e-02 2.228470e-01
1.280000e+03 2.311786e-02 2.216538e-01
1.290000e+03 2.354757e-02 2.225268e-01
1.300000e+03 2.297313e-02 2.220766e-01
1.310000e+03 2.183816e-02 2.182313e-01
1.320000e+03 2.163938e-02 2.078144e-01
1.330000e+03 2.087606e-02 2.048957e-01
1.340000e+03 1.813140e-02 1.980663e-01
1.350000e+03 1.709507e-02 1.901312e-01
1.360000e+03 1.469792e-02 1.876383e-01
1.370000e+03 1.439274e-02 1.872410e-01
1.380000e+03 1.513761e-02 1.877224e-01
1.390000e+03 1.497534e-02 1.869210e-01
1.400000e+03 1.504256e-02 1.868745e-01
1.410000e+03 1.489707e-02 1.872985e-01
1.420000e+03 1.493097e-02 1.866864e-01
1.430000e+03 1.488632e-02 1.866639e-01
1.440000e+03 1.482766e-02 1.864399e-01
1.450000e+03 1.379871e-02 1.847396e-01
1.460000e+03 1.353963e-02 1.841979e-01
1.470000e+03 1.330796e-02 1.825907e-01
1.480000e+03 1.366062e-02 1.830388e-01
1.490000e+03 1.363031e-02 1.830320e-01
1.500000e+03 1.342334e-02 1.830385e-01
1.510000e+03 1.341505e-02 1.825096e-01
1.520000e+03 1.299774e-02 1.821289e-01
1.530000e+03 1.306341e-02 1.813545e-01
1.540000e+03 1.278853e-02 1.807413e-01
1.550000e+03 1.305323e-02 1.809074e-01
1.560000e+03 1.330232e-02 1.808308e-01
1.570000e+03 1.345309e-02 1.804995e-01
1.580000e+03 1.353371e-02 1.795451e-01
1.590000e+03 1.348125e-02 1.791121e-01
1.600000e+03 1.341666e-02 1.786490e-01
1.610000e+03 1.333803e-02 1.774795e-01
1.620000e+03 1.350386e-02 1.777936e-01
1.630000e+03 1.367703e-02 1.769594e-01
1.640000e+03 1.349112e-02 1.767021e-01
1.650000e+03 1.344483e-02 1.765414e-01
1.660000e+03 1.358805e-02 1.759742e-01
1.670000e+03 1.318809e-02 1.750551e-01
1.680000e+03 1.266264e-02 1.740764e-01
1.690000e+03 1.251960e-02 1.728693e-01
1.700000e+03 1.257750e-02 1.725108e-01
1.710000e+03 1.142971e-02 1.705862e-01
1.720000e+03 1.106646e-02 1.674909e-01
1.730000e+03 1.096101e-02 1.654573e-01
1.740000e+03 1.060450e-02 1.630377e-01
1.750000e+03 1.058312e-02 1.635402e-01
1.760000e+03 1.021812e-02 1.622459e-01
1.770000e+03 1.073611e-02 1.608454e-01
1.780000e+03 9.344715e-03 1.553125e-01
1.790000e+03 9.466374e-03 1.546311e-01
1.800000e+03 8.973808e-03 1.534812e-01
1.810000e+03 9.191949e-03 1.526942e-01
1.820000e+03 9.205696e-03 1.528371e-01
1.830000e+03 9.218525e-03 1.516427e-01
1.840000e+03 8.916999e-03 1.507482e-01
1.850000e+03 9.054118e-03 1.499017e-01
1.860000e+03 9.108754e-03 1.499052e-01
1.870000e+03 8.876218e-03 1.492467e-01
1.880000e+03 8.820085e-03 1.492889e-01
1.890000e+03 8.771765e-03 1.491659e-01
1.900000e+03 8.860070e-03 1.490403e-01
1.910000e+03 8.820606e-03 1.487872e-01
1.920000e+03 8.799607e-03 1.484482e-01
1.930000e+03 8.809164e-03 1.451132e-01
1.940000e+03 8.688694e-03 1.434063e-01
1.950000e+03 8.325397e-03 1.422250e-01
1.960000e+03 8.431408e-03 1.421759e-01
1.970000e+03 8.245704e-03 1.401653e-01
1.980000e+03 8.647367e-03 1.398445e-01
1.990000e+03 8.759604e-03 1.396209e-01
2.000000e+03 8.405380e-03 1.391064e-01
2.010000e+03 8.243403e-03 1.390935e-01
2.020000e+03 8.124315e-03 1.385333e-01
2.030000e+03 7.931259e-03 1.378555e-01
2.040000e+03 7.849905e-03 1.375269e-01
2.050000e+03 7.769024e-03 1.363731e-01
2.060000e+03 7.780416e-03 1.364070e-01
2.070000e+03 7.766679e-03 1.353732e-01
2.080000e+03 8.042692e-03 1.348357e-01
2.090000e+03 7.986543e-03 1.348270e-01
2.100000e+03 7.972554e-03 1.349467e-01
2.110000e+03 7.750571e-03 1.341771e-01
2.120000e+03 7.742442e-03 1.340106e-01
2.130000e+03 7.707633e-03 1.336995e-01
2.140000e+03 7.667326e-03 1.333335e-01
2.150000e+03 7.581670e-03 1.329624e-01
2.160000e+03 7.633090e-03 1.317564e-01
2.170000e+03 7.501428e-03 1.309436e-01
2.180000e+03 7.343173e-03 1.299612e-01
2.190000e+03 7.280024e-03 1.295095e-01
2.200000e+03 7.307257e-03 1.294830e-01
2.210000e+03 6.959983e-03 1.276762e-01
2.220000e+03 7.225104e-03 1.259863e-01
2.230000e+03 7.276324e-03 1.229722e-01
2.240000e+03 7.083881e-03 1.219522e-01
2.250000e+03 7.083126e-03 1.228217e-01
2.260000e+03 7.138269e-03 1.224185e-01
2.270000e+03 7.245563e-03 1.224088e-01
2.280000e+03 7.162782e-03 1.222984e-01
2.290000e+03 7.220784e-03 1.223000e-01
2.300000e+03 7.154352e-03 1.222727e-01
2.310000e+03 7.229273e-03 1.222884e-01
2.320000e+03 7.421142e-03 1.225246e-01
2.330000e+03 7.400660e-03 1.223776e-01
2.340000e+03 7.463572e-03 1.222658e-01
2.350000e+03 7.369472e-03 1.219490e-01
2.360000e+03 7.437566e-03 1.218977e-01
2.370000e+03 7.386232e-03 1.219870e-01
2.380000e+03 7.612528e-03 1.221842e-01
2.390000e+03 7.771378e-03 1.222832e-01
2.400000e+03 7.794594e-03 1.224412e-01
2.410000e+03 7.943725e-03 1.228521e-01
2.420000e+03 7.945881e-03 1.227795e-01
2.430000e+03 7.933083e-03 1.225699e-01
2.440000e+03 8.177736e-03 1.220091e-01
2.450000e+03 8.114817e-03 1.218593e-01
2.460000e+03 8.054026e-03 1.216522e-01
2.470000e+03 8.139602e-03 1.215354e-01
2.480000e+03 8.087268e-03 1.203394e-01
2.490000e+03 8.234046e-03 1.198276e-01
2.500000e+03 8.317172e-03 1.197718e-01
2.510000e+03 8.308210e-03 1.200504e-01
2.520000e+03 8.356420e-03 1.199055e-01
2.530000e+03 8.257517e-03 1.198622e-01
2.540000e+03 8.339088e-03 1.196043e-01
2.550000e+03 8.374293e-03 1.192933e-01
2.560000e+03 8.479386e-03 1.197591e-01
2.570000e+03 8.499631e-03 1.196175e-01
2.580000e+03 8.433478e-03 1.188249e-01
2.590000e+03 8.370141e-03 1.186437e-01
2.600000e+03 8.355248e-03 1.183263e-01
2.610000e+03 8.105754e-03 1.168879e-01
2.620000e+03 8.204389e-03 1.161264e-01
2.630000e+03 8.177318e-03 1.151798e-01
2.640000e+03 8.305892e-03 1.149675e-01
2.650000e+03 8.298396e-03 1.148496e-01
2.660000e+03 8.152628e-03 1.142881e-01
2.670000e+03 8.294225e-03 1.148656e-01
2.680000e+03 7.932278e-03 1.139589e-01
2.690000e+03 7.982880e-03 1.140769e-01
2.700000e+03 8.052070e-03 1.139318e-01
2.710000e+03 8.078454e-03 1.140349e-01
2.720000e+03 8.094233e-03 1.140006e-01
2.730000e+03 8.177731e-03 1.140320e-01
2.740000e+03 8.033333e-03 1.131363e-01
2.750000e+03 8.095336e-03 1.128836e-01
2.760000e+03 8.178453e-03 1.130722e-01
2.770000e+03 8.199979e-03 1.123939e-01
2.780000e+03 8.386590e-03 1.114388e-01
2.790000e+03 8.270203e-03 1.096940e-01
2.800000e+03 8.295268e-03 1.094373e-01
2.810000e+03 8.141115e-03 1.089084e-01
2.820000e+03 8.079876e-03 1.085487e-01
2.830000e+03 8.099342e-03 1.083955e-01
2.840000e+03 8.031098e-03 1.081240e-01
2.850000e+03 8.108168e-03 1.081681e-01
2.860000e+03 8.131194e-03 1.080062e-01
2.870000e+03 8.069204e-03 1.075726e-01
2.880000e+03 8.125442e-03 1.064468e-01
2.890000e+03 8.059830e-03 1.060228e-01
2.900000e+03 8.071123e-03 1.054141e-01
2.910000e+03 8.006310e-03 1.050388e-01
2.920000e+03 8.023570e-03 1.048840e-01
2.930000e+03 7.907419e-03 1.047701e-01
2.940000e+03 7.939232e-03 1.048821e-01
2.950000e+03 7.923191e-03 1.048549e-01
2.960000e+03 7.865391e-03 1.049103e-01
2.970000e+03 7.880944e-03 1.049850e-01
2.980000e+03 8.066801e-03 1.048341e-01
2.990000e+03 8.036340e-03 1.041050e-01
3.000000e+03 8.049356e-03 1.039473e-01
3.010000e+03 8.051593e-03 1.026611e-01
3.020000e+03 7.999213e-03 1.014582e-01
3.030000e+03 7.983134e-03 1.011723e-01
3.040000e+03 7.956795e-03 1.011028e-01
3.050000e+03 7.800904e-03 1.006480e-01
3.060000e+03 7.758061e-03 1.007002e-01
3.070000e+03 7.808077e-03 1.006302e-01
3.080000e+03 7.823968e-03 1.000368e-01
3.090000e+03 7.903887e-03 1.004835e-01
3.100000e+03 7.843800e-03 1.002573e-01
3.110000e+03 7.834381e-03 1.001772e-01
3.120000e+03 7.791670e-03 1.000281e-01
3.130000e+03 7.757405e-03 9.990792e-02
3.140000e+03 7.767050e-03 9.968733e-02
3.150000e+03 7.741110e-03 9.962247e-02
3.160000e+03 7.741434e-03 9.940977e-02
3.170000e+03 7.753064e-03 9.935927e-02
3.180000e+03 7.685912e-03 9.881584e-02
3.190000e+03 7.660862e-03 9.876502e-02
3.200000e+03 7.631549e-03 9.885865e-02
3.210000e+03 7.642016e-03 9.887209e-02
3.220000e+03 7.565651e-03 9.880051e-02
3.230000e+03 7.476710e-03 9.887469e-02
3.240000e+03 7.498029e-03 9.879148e-02
3.250000e+03 7.523098e-03 9.869061e-02
3.260000e+03 7.429151e-03 9.837950e-02
3.270000e+03 7.436300e-03 9.824199e-02
3.280000e+03 7.463791e-03 9.812577e-02
3.290000e+03 7.356947e-03 9.761571e-02
3.300000e+03 7.299288e-03 9.625493e-02
3.310000e+03 7.045933e-03 9.292480e-02
3.320000e+03 7.000406e-03 9.186330e-02
3.330000e+03 7.006349e-03 9.211021e-02
3.340000e+03 7.018904e-03 9.205527e-02
3.350000e+03 7.043702e-03 9.211429e-02
3.360000e+03 7.037247e-03 9.191116e-02
3.370000e+03 7.046473e-03 9.173946e-02
3.380000e+03 7.071744e-03 9.175188e-02
3.390000e+03 7.140511e-03 9.161611e-02
3.400000e+03 7.191923e-03 9.125256e-02
3.410000e+03 7.118442e-03 9.104312e-02
3.420000e+03 7.209898e-03 9.069940e-02
3.430000e+03 7.215841e-03 9.056749e-02
3.440000e+03 7.210450e-03 9.050379e-02
3.450000e+03 7.171847e-03 9.049211e-02
3.460000e+03 7.114124e-03 9.031636e-02
3.470000e+03 7.077816e-03 9.021878e-02
3.480000e+03 7.078146e-03 9.017543e-02
3.490000e+03 7.022582e-03 9.002128e-02
3.500000e+03 7.025190e-03 8.978757e-02
3.510000e+03 7.054773e-03 8.984538e-02
3.520000e+03 6.963281e-03 8.970042e-02
3.530000e+03 6.892077e-03 8.979848e-02
3.540000e+03 6.815190e-03 8.951591e-02
3.550000e+03 6.820706e-03 8.860328e-02
3.560000e+03 6.580140e-03 8.764991e-02
3.570000e+03 6.235508e-03 8.568480e-02
3.580000e+03 6.261561e-03 8.352588e-02
3.590000e+03 6.192886e-03 8.296037e-02
3.600000e+03 6.206051e-03 8.278936e-02
3.610000e+03 6.133556e-03 8.236367e-02
3.620000e+03 6.170416e-03 8.160564e-02
3.630000e+03 6.146713e-03 8.107666e-02
3.640000e+03 6.153399e-03 8.148432e-02
3.650000e+03 6.107089e-03 8.129557e-02
3.660000e+03 6.007926e-03 8.111457e-02
3.670000e+03 6.205152e-03 8.037327e-02
3.680000e+03 6.405852e-03 8.019410e-02
3.690000e+03 6.399989e-03 8.017837e-02
3.700000e+03 6.367414e-03 7.991025e-02
3.710000e+03 6.313625e-03 7.950368e-02
3.720000e+03 6.310717e-03 7.939009e-02
3.730000e+03 6.314204e-03 7.943443e-02
3.740000e+03 6.344582e-03 7.940803e-02
3.750000e+03 6.360641e-03 7.937127e-02
3.760000e+03 6.404858e-03 7.942198e-02
3.770000e+03 6.347987e-03 7.901862e-02
3.780000e+03 6.282640e-03 7.901101e-02
3.790000e+03 6.233866e-03 7.887454e-02
3.800000e+03 6.207264e-03 7.881866e-02
3.810000e+03 6.180113e-03 7.874782e-02
3.820000e+03 6.201618e-03 7.876319e-02
3.830000e+03 6.205291e-03 7.871830e-02
3.840000e+03 6.247565e-03 7.862256e-02
3.850000e+03 6.261115e-03 7.851383e-02
3.860000e+03 6.302212e-03 7.830425e-02
3.870000e+03 6.282086e-03 7.766891e-02
3.880000e+03 6.238549e-03 7.546392e-02
3.890000e+03 6.272396e-03 7.456241e-02
3.900000e+03 6.259520e-03 7.385511e-02
3.910000e+03 6.301799e-03 7.331320e-02
3.920000e+03 6.256672e-03 7.306888e-02
3.930000e+03 6.196922e-03 7.265799e-02
3.940000e+03 6.199384e-03 7.224541e-02
3.950000e+03 6.178667e-03 7.217108e-02
3.960000e+03 6.115724e-03 7.209455e-02
3.970000e+03 6.052522e-03 7.223355e-02
3.980000e+03 6.028710e-03 7.195524e-02
3.990000e+03 6.054803e-03 7.202264e-02
4.000000e+03 6.013526e-03 7.174750e-02
4.010000e+03 6.059942e-03 7.119219e-02
4.020000e+03 6.107176e-03 7.109557e-02
4.030000e+03 6.094983e-03 7.100421e-02
4.040000e+03 6.079076e-03 7.092615e-02
4.050000e+03 6.033477e-03 7.037038e-02
4.060000e+03 6.053792e-03 7.067889e-02
4.070000e+03 5.980844e-03 7.068101e-02
4.080000e+03 5.957561e-03 7.071350e-02
4.090000e+03 5.934403e-03 7.072326e-02
4.100000e+03 5.916963e-03 6.995900e-02
4.110000e+03 5.832331e-03 6.937486e-02
4.120000e+03 5.793602e-03 6.935423e-02
4.130000e+03 5.797533e-03 6.949317e-02
4.140000e+03 5.615947e-03 6.908843e-02
4.150000e+03 5.647587e-03 6.957057e-02
4.160000e+03 5.666684e-03 6.965024e-02
4.170000e+03 5.712589e-03 6.971254e-02
4.180000e+03 5.702806e-03 6.963261e-02
4.190000e+03 5.684275e-03 6.954232e-02
4.200000e+03 5.699973e-03 6.957432e-02
4.210000e+03 5.659301e-03 6.948828e-02
4.220000e+03 5.701393e-03 6.945229e-02
4.230000e+03 5.598657e-03 6.914973e-02
4.240000e+03 5.603981e-03 6.917030e-02
4.250000e+03 5.613270e-03 6.917412e-02
4.260000e+03 5.567479e-03 6.915226e-02
4.270000e+03 5.372132e-03 6.833066e-02
4.280000e+03 5.248375e-03 6.692001e-02
4.290000e+03 5.263231e-03 6.661272e-02
4.300000e+03 5.295658e-03 6.654054e-02
4.310000e+03 5.319360e-03 6.669393e-02
4.320000e+03 5.333156e-03 6.652239e-02
4.330000e+03 5.294962e-03 6.613857e-02
4.340000e+03 5.270779e-03 6.601689e-02
4.350000e+03 5.406574e-03 6.618867e-02
4.360000e+03 5.336657e-03 6.587399e-02
4.370000e+03 5.304850e-03 6.568998e-02
4.380000e+03 5.235237e-03 6.468538e-02
4.390000e+03 5.228150e-03 6.465851e-02
4.400000e+03 5.277992e-03 6.440631e-02
4.410000e+03 5.283165e-03 6.440750e-02
4.420000e+03 5.257957e-03 6.414799e-02
4.430000e+03 5.250800e-03 6.413365e-02
4.440000e+03 5.242325e-03 6.408822e-02
4.450000e+03 5.192394e-03 6.388486e-02
4.460000e+03 5.201264e-03 6.367152e-02
4.470000e+03 5.183459e-03 6.358755e-02
4.480000e+03 5.178010e-03 6.286586e-02
4.490000e+03 5.173126e-03 6.193153e-02
4.500000e+03 5.162209e-03 6.189889e-02
4.510000e+03 5.147419e-03 6.165110e-02
4.520000e+03 5.164198e-03 6.173091e-02
4.530000e+03 5.185722e-03 6.140159e-02
4.540000e+03 5.218652e-03 6.133028e-02
4.550000e+03 5.173401e-03 6.097190e-02
4.560000e+03 5.216971e-03 6.109193e-02
4.570000e+03 5.170919e-03 6.044661e-02
4.580000e+03 5.262415e-03 6.064401e-02
4.590000e+03 5.281188e-03 6.079353e-02
4.600000e+03 5.268206e-03 6.069002e-02
4.610000e+03 5.292300e-03 6.060913e-02
4.620000e+03 5.262812e-03 6.071728e-02
4.630000e+03 5.281462e-03 6.010170e-02
4.640000e+03 5.260708e-03 5.991051e-02
4.650000e+03 5.285246e-03 5.978322e-02
4.660000e+03 5.295659e-03 5.979277e-02
4.670000e+03 5.236085e-03 5.981013e-02
4.680000e+03 5.111530e-03 5.968991e-02
4.690000e+03 5.103292e-03 5.975657e-02
4.700000e+03 5.137913e-03 5.973186e-02
4.710000e+03 5.144169e-03 5.957712e-02
4.720000e+03 5.089514e-03 5.942952e-02
4.730000e+03 5.067108e-03 5.987225e-02
4.740000e+03 5.040581e-03 5.974827e-02
4.750000e+03 5.043802e-03 5.974304e-02
4.760000e+03 5.036671e-03 5.969775e-02
4.770000e+03 5.024402e-03 5.963372e-02
4.780000e+03 5.010983e-03 5.963825e-02
4.790000e+03 5.011391e-03 5.959287e-02
4.800000e+03 5.036299e-03 5.968173e-02
4.810000e+03 5.052254e-03 5.971461e-02
4.820000e+03 5.132382e-03 5.973423e-02
4.830000e+03 5.163930e-03 5.994643e-02
4.840000e+03 5.085560e-03 5.988818e-02
4.850000e+03 5.074847e-03 5.987832e-02
4.860000e+03 5.032017e-03 5.976036e-02
4.870000e+03 4.985686e-03 5.967623e-02
4.880000e+03 4.940913e-03 5.959805e-02
4.890000e+03 4.942121e-03 5.959782e-02
4.900000e+03 4.877705e-03 5.950089e-02
4.910000e+03 4.863500e-03 5.945273e-02
4.920000e+03 4.844867e-03 5.942364e-02
4.930000e+03 4.843570e-03 5.939325e-02
4.940000e+03 4.863725e-03 5.952389e-02
4.950000e+03 4.862110e-03 5.955892e-02
4.960000e+03 4.857515e-03 5.956237e-02
4.970000e+03 4.862747e-03 5.956161e-02
4.980000e+03 4.876567e-03 5.961505e-02
4.990000e+03 4.878139e-03 5.963107e-02
5.000000e+03 4.857286e-03 5.958440e-02
5.010000e+03 4.849566e-03 5.953955e-02
5.020000e+03 4.842662e-03 5.956282e-02
5.030000e+03 4.858467e-03 5.955606e-02
5.040000e+03 4.852360e-03 5.949889e-02
5.050000e+03 4.833931e-03 5.942593e-02
5.060000e+03 4.822415e-03 5.916944e-02
5.070000e+03 4.761998e-03 5.901923e-02
5.080000e+03 4.759684e-03 5.892357e-02
5.090000e+03 4.675349e-03 5.892105e-02
5.100000e+03 4.629913e-03 5.871845e-02
5.110000e+03 4.574641e-03 5.862008e-02
5.120000e+03 4.505522e-03 5.849452e-02
5.130000e+03 4.450366e-03 5.841168e-02
5.140000e+03 4.450181e-03 5.823685e-02
5.150000e+03 4.436769e-03 5.816611e-02
5.160000e+03 4.389426e-03 5.812531e-02
5.170000e+03 4.380493e-03 5.800474e-02
5.180000e+03 4.381044e-03 5.792985e-02
5.190000e+03 4.353343e-03 5.781005e-02
5.200000e+03 4.272611e-03 5.766729e-02
5.210000e+03 4.213177e-03 5.736645e-02
5.220000e+03 4.186909e-03 5.717708e-02
5.230000e+03 4.131552e-03 5.697530e-02
5.240000e+03 4.112459e-03 5.685692e-02
5.250000e+03 4.102428e-03 5.683863e-02
5.260000e+03 4.119393e-03 5.690627e-02
5.270000e+03 4.098453e-03 5.690033e-02
5.280000e+03 4.105149e-03 5.688807e-02
5.290000e+03 4.054246e-03 5.673655e-02
5.300000e+03 4.080276e-03 5.681305e-02
5.310000e+03 4.072660e-03 5.674404e-02
5.320000e+03 4.103840e-03 5.680773e-02
5.330000e+03 4.085215e-03 5.670985e-02
5.340000e+03 4.088587e-03 5.668434e-02
5.350000e+03 4.068287e-03 5.661960e-02
5.360000e+03 4.065493e-03 5.661208e-02
5.370000e+03 4.058100e-03 5.653386e-02
5.380000e+03 4.038109e-03 5.654123e-02
5.390000e+03 3.994559e-03 5.635037e-02
5.400000e+03 3.959530e-03 5.621016e-02
5.410000e+03 3.938643e-03 5.615365e-02
5.420000e+03 3.930453e-03 5.610862e-02
5.430000e+03 3.909849e-03 5.609640e-02
5.440000e+03 3.856749e-03 5.598292e-02
5.450000e+03 3.850614e-03 5.598240e-02
5.460000e+03 3.767718e-03 5.570460e-02
5.470000e+03 3.725674e-03 5.563082e-02
5.480000e+03 3.748411e-03 5.571006e-02
5.490000e+03 3.727920e-03 5.562087e-02
5.500000e+03 3.730536e-03 5.555777e-02
5.510000e+03 3.703216e-03 5.555281e-02
5.520000e+03 3.663364e-03 5.545279e-02
5.530000e+03 3.662286e-03 5.546300e-02
5.540000e+03 3.671392e-03 5.550318e-02
5.550000e+03 3.671955e-03 5.552853e-02
5.560000e+03 3.678665e-03 5.549751e-02
5.570000e+03 3.667670e-03 5.548679e-02
5.580000e+03 3.659311e-03 5.549333e-02
5.590000e+03 3.673337e-03 5.545824e-02
5.600000e+03 3.715793e-03 5.553106e-02
5.610000e+03 3.705892e-03 5.555154e-02
5.620000e+03 3.687761e-03 5.545457e-02
5.630000e+03 3.690732e-03 5.543804e-02
5.640000e+03 3.777410e-03 5.549591e-02
5.650000e+03 3.805300e-03 5.550712e-02
5.660000e+03 3.797244e-03 5.544298e-02
5.670000e+03 3.808880e-03 5.543388e-02
5.680000e+03 3.806401e-03 5.541483e-02
5.690000e+03 3.792574e-03 5.540908e-02
5.700000e+03 3.779297e-03 5.525533e-02
5.710000e+03 3.771331e-03 5.526088e-02
5.720000e+03 3.804404e-03 5.524944e-02
5.730000e+03 3.827731e-03 5.521950e-02
5.740000e+03 3.857499e-03 5.516741e-02
5.750000e+03 3.830545e-03 5.509867e-02
5.760000e+03 3.835188e-03 5.512590e-02
5.770000e+03 3.830717e-03 5.513179e-02
5.780000e+03 3.831851e-03 5.512234e-02
5.790000e+03 3.821767e-03 5.503836e-02
5.800000e+03 3.817736e-03 5.500614e-02
5.810000e+03 3.830399e-03 5.505878e-02
5.820000e+03 3.853735e-03 5.506023e-02
5.830000e+03 3.860857e-03 5.509191e-02
5.840000e+03 3.860029e-03 5.510036e-02
5.850000e+03 3.891083e-03 5.511522e-02
5.860000e+03 3.920414e-03 5.518970e-02
5.870000e+03 3.916092e-03 5.509704e-02
5.880000e+03 3.897165e-03 5.508914e-02
5.890000e+03 3.887279e-03 5.502875e-02
5.900000e+03 3.864443e-03 5.490399e-02
5.910000e+03 3.870619e-03 5.481076e-02
5.920000e+03 3.847407e-03 5.455644e-02
5.930000e+03 3.846508e-03 5.434961e-02
5.940000e+03 3.822356e-03 5.437249e-02
5.950000e+03 3.828548e-03 5.429190e-02
5.960000e+03 3.827027e-03 5.420953e-02
5.970000e+03 3.820474e-03 5.419114e-02
5.980000e+03 3.813503e-03 5.415288e-02
5.990000e+03 3.815875e-03 5.410962e-02
6.000000e+03 3.843292e-03 5.407835e-02
6.010000e+03 3.831346e-03 5.398438e-02
6.020000e+03 3.814904e-03 5.399072e-02
6.030000e+03 3.785563e-03 5.373209e-02
6.040000e+03 3.703399e-03 5.342427e-02
6.050000e+03 3.701715e-03 5.340570e-02
6.060000e+03 3.714352e-03 5.320176e-02
6.070000e+03 3.683435e-03 5.304953e-02
6.080000e+03 3.690311e-03 5.307216e-02
6.090000e+03 3.710265e-03 5.300747e-02
6.100000e+03 3.714033e-03 5.294657e-02
6.110000e+03 3.703562e-03 5.297778e-02
6.120000e+03 3.699409e-03 5.291857e-02
6.130000e+03 3.694144e-03 5.289791e-02
6.140000e+03 3.698274e-03 5.286374e-02
6.150000e+03 3.696974e-03 5.276219e-02
6.160000e+03 3.690711e-03 5.256885e-02
6.170000e+03 3.664737e-03 5.248762e-02
6.180000e+03 3.659640e-03 5.237702e-02
6.190000e+03 3.690219e-03 5.235181e-02
6.200000e+03 3.672001e-03 5.225698e-02
6.210000e+03 3.643370e-03 5.219895e-02
6.220000e+03 3.604512e-03 5.223257e-02
6.230000e+03 3.621918e-03 5.216208e-02
6.240000e+03 3.625137e-03 5.220472e-02
6.250000e+03 3.627783e-03 5.220566e-02
6.260000e+03 3.634962e-03 5.219853e-02
6.270000e+03 3.615251e-03 5.215286e-02
6.280000e+03 3.625163e-03 5.225118e-02
6.290000e+03 3.643501e-03 5.230457e-02
6.300000e+03 3.639868e-03 5.232195e-02
6.310000e+03 3.668949e-03 5.238032e-02
6.320000e+03 3.665434e-03 5.226351e-02
6.330000e+03 3.653755e-03 5.211096e-02
6.340000e+03 3.653158e-03 5.211082e-02
6.350000e+03 3.667186e-03 5.201738e-02
6.360000e+03 3.556165e-03 5.154346e-02
6.370000e+03 3.448498e-03 5.135947e-02
6.380000e+03 3.450405e-03 5.106808e-02
6.390000e+03 3.427026e-03 5.082352e-02
6.400000e+03 3.410894e-03 5.072645e-02
6.410000e+03 3.376011e-03 5.048743e-02
6.420000e+03 3.411932e-03 5.046260e-02
6.430000e+03 3.375874e-03 5.022042e-02
6.440000e+03 3.402074e-03 4.995455e-02
6.450000e+03 3.344017e-03 4.961703e-02
6.460000e+03 3.342946e-03 4.957977e-02
6.470000e+03 3.311290e-03 4.948361e-02
6.480000e+03 3.232139e-03 4.909155e-02
6.490000e+03 3.213620e-03 4.902201e-02
6.500000e+03 3.192818e-03 4.887977e-02
6.510000e+03 3.244758e-03 4.888898e-02
6.520000e+03 3.252000e-03 4.905108e-02
6.530000e+03 3.236186e-03 4.903982e-02
6.540000e+03 3.189016e-03 4.883234e-02
6.550000e+03 3.145438e-03 4.854128e-02
6.560000e+03 3.129387e-03 4.851924e-02
6.570000e+03 3.140221e-03 4.846637e-02
6.580000e+03 3.144215e-03 4.840546e-02
6.590000e+03 3.128854e-03 4.823875e-02
6.600000e+03 3.130633e-03 4.824287e-02
6.610000e+03 3.148239e-03 4.842324e-02
6.620000e+03 3.130524e-03 4.842006e-02
6.630000e+03 3.124355e-03 4.823199e-02
6.640000e+03 3.138045e-03 4.811644e-02
6.650000e+03 3.126718e-03 4.796385e-02
6.660000e+03 3.112453e-03 4.789683e-02
6.670000e+03 3.077359e-03 4.756761e-02
6.680000e+03 3.071830e-03 4.734978e-02
6.690000e+03 3.072819e-03 4.734293e-02
6.700000e+03 3.089817e-03 4.725786e-02
6.710000e+03 3.092445e-03 4.710522e-02
6.720000e+03 3.106530e-03 4.711088e-02
6.730000e+03 3.179806e-03 4.727634e-02
6.740000e+03 3.237238e-03 4.732912e-02
6.750000e+03 3.255403e-03 4.736027e-02
6.760000e+03 3.295896e-03 4.729957e-02
6.770000e+03 3.286240e-03 4.732422e-02
6.780000e+03 3.281670e-03 4.718145e-02
6.790000e+03 3.272926e-03 4.710887e-02
6.800000e+03 3.277082e-03 4.699328e-02
6.810000e+03 3.283321e-03 4.696394e-02
6.820000e+03 3.277416e-03 4.702730e-02
6.830000e+03 3.278632e-03 4.705365e-02
6.840000e+03 3.318233e-03 4.708388e-02
6.850000e+03 3.365222e-03 4.725022e-02
6.860000e+03 3.345437e-03 4.718528e-02
6.870000e+03 3.356396e-03 4.720325e-02
6.880000e+03 3.362751e-03 4.717615e-02
6.890000e+03 3.374373e-03 4.710954e-02
6.900000e+03 3.388108e-03 4.710241e-02
6.910000e+03 3.374170e-03 4.704854e-02
6.920000e+03 3.401341e-03 4.698864e-02
6.930000e+03 3.432089e-03 4.724535e-02
6.940000e+03 3.407101e-03 4.721060e-02
6.950000e+03 3.389917e-03 4.728208e-02
6.960000e+03 3.377465e-03 4.729898e-02
6.970000e+03 3.396245e-03 4.741080e-02
6.980000e+03 3.405755e-03 4.740281e-02
6.990000e+03 3.396348e-03 4.735178e-02
7.000000e+03 3.403024e-03 4.731937e-02
7.010000e+03 3.418607e-03 4.736556e-02
7.020000e+03 3.417007e-03 4.727726e-02
7.030000e+03 3.410086e-03 4.723425e-02
7.040000e+03 3.410917e-03 4.692054e-02
7.050000e+03 3.433611e-03 4.689258e-02
7.060000e+03 3.454814e-03 4.691729e-02
7.070000e+03 3.428885e-03 4.696214e-02
7.080000e+03 3.404892e-03 4.685118e-02
7.090000e+03 3.373888e-03 4.677438e-02
7.100000e+03 3.395401e-03 4.674328e-02
7.110000e+03 3.386165e-03 4.663000e-02
7.120000e+03 3.390374e-03 4.659513e-02
7.130000e+03 3.394330e-03 4.653347e-02
7.140000e+03 3.390469e-03 4.650668e-02
7.150000e+03 3.405156e-03 4.650197e-02
7.160000e+03 3.417082e-03 4.654605e-02
7.170000e+03 3.403526e-03 4.650616e-02
7.180000e+03 3.391493e-03 4.644911e-02
7.190000e+03 3.389862e-03 4.637235e-02
7.200000e+03 3.368648e-03 4.636354e-02
7.210000e+03 3.377049e-03 4.637753e-02
7.220000e+03 3.376493e-03 4.638972e-02
7.230000e+03 3.380770e-03 4.636109e-02
7.240000e+03 3.379017e-03 4.625666e-02
7.250000e+03 3.379832e-03 4.617974e-02
7.260000e+03 3.380884e-03 4.616732e-02
7.270000e+03 3.369700e-03 4.616048e-02
7.280000e+03 3.353435e-03 4.613460e-02
7.290000e+03 3.351343e-03 4.612686e-02
7.300000e+03 3.344263e-03 4.612481e-02
7.310000e+03 3.370079e-03 4.617512e-02
7.320000e+03 3.384716e-03 4.614404e-02
7.330000e+03 3.388986e-03 4.619552e-02
7.340000e+03 3.397353e-03 4.618938e-02
7.350000e+03 3.418462e-03 4.617409e-02
7.360000e+03 3.424342e-03 4.611505e-02
7.370000e+03 3.444169e-03 4.611452e-02
7.380000e+03 3.439248e-03 4.610710e-02
7.390000e+03 3.454089e-03 4.614167e-02
7.400000e+03 3.449894e-03 4.611405e-02
7.410000e+03 3.453581e-03 4.607880e-02
7.420000e+03 3.453585e-03 4.599411e-02
7.430000e+03 3.437998e-03 4.596013e-02
7.440000e+03 3.419886e-03 4.588472e-02
7.450000e+03 3.445139e-03 4.586241e-02
7.460000e+03 3.428400e-03 4.583429e-02
7.470000e+03 3.409203e-03 4.573973e-02
7.480000e+03 3.400220e-03 4.567128e-02
7.490000e+03 3.386579e-03 4.573072e-02
7.500000e+03 3.325762e-03 4.562354e-02
7.510000e+03 3.268148e-03 4.551408e-02
7.520000e+03 3.250800e-03 4.539504e-02
7.530000e+03 3.241692e-03 4.532703e-02
7.540000e+03 3.238690e-03 4.531703e-02
7.550000e+03 3.231106e-03 4.532000e-02
7.560000e+03 3.223385e-03 4.528263e-02
7.570000e+03 3.203754e-03 4.527221e-02
7.580000e+03 3.184566e-03 4.519921e-02
7.590000e+03 3.184756e-03 4.520626e-02
7.600000e+03 3.181251e-03 4.521327e-02
7.610000e+03 3.192188e-03 4.510673e-02
7.620000e+03 3.187735e-03 4.506564e-02
7.630000e+03 3.194041e-03 4.505987e-02
7.640000e+03 3.188899e-03 4.499854e-02
7.650000e+03 3.224147e-03 4.492910e-02
7.660000e+03 3.213990e-03 4.488631e-02
7.670000e+03 3.207174e-03 4.481307e-02
7.680000e+03 3.216252e-03 4.482066e-02
7.690000e+03 3.208390e-03 4.473969e-02
7.700000e+03 3.197959e-03 4.464073e-02
7.710000e+03 3.188941e-03 4.455235e-02
7.720000e+03 3.178805e-03 4.447890e-02
7.730000e+03 3.166733e-03 4.440021e-02
7.740000e+03 3.168212e-03 4.441556e-02
7.750000e+03 3.151219e-03 4.432586e-02
7.760000e+03 3.135551e-03 4.421231e-02
7.770000e+03 3.108556e-03 4.404734e-02
7.780000e+03 3.116216e-03 4.405175e-02
7.790000e+03 3.118699e-03 4.410118e-02
7.800000e+03 3.118267e-03 4.407037e-02
7.810000e+03 3.119407e-03 4.406234e-02
7.820000e+03 3.130370e-03 4.404954e-02
7.830000e+03 3.131905e-03 4.401891e-02
7.840000e+03 3.138825e-03 4.402913e-02
7.850000e+03 3.137556e-03 4.401785e-02
7.860000e+03 3.129716e-03 4.399382e-02
7.870000e+03 3.135073e-03 4.406249e-02
7.880000e+03 3.178298e-03 4.417864e-02
7.890000e+03 3.168114e-03 4.417799e-02
7.900000e+03 3.181646e-03 4.416517e-02
7.910000e+03 3.177169e-03 4.416391e-02
7.920000e+03 3.155512e-03 4.411602e-02
7.930000e+03 3.147861e-03 4.411219e-02
7.940000e+03 3.153698e-03 4.415656e-02
7.950000e+03 3.144360e-03 4.412817e-02
7.960000e+03 3.158442e-03 4.423099e-02
7.970000e+03 3.166752e-03 4.427196e-02
7.980000e+03 3.162204e-03 4.427209e-02
7.990000e+03 3.149533e-03 4.434689e-02
8.000000e+03 3.190393e-03 4.438661e-02
8.010000e+03 3.175992e-03 4.424446e-02
8.020000e+03 3.178385e-03 4.414875e-02
8.030000e+03 3.152305e-03 4.414862e-02
8.040000e+03 3.122496e-03 4.409399e-02
8.050000e+03 3.116475e-03 4.407673e-02
8.060000e+03 3.089402e-03 4.400424e-02
8.070000e+03 3.084974e-03 4.396887e-02
8.080000e+03 3.088078e-03 4.398725e-02
8.090000e+03 3.085831e-03 4.397890e-02
8.100000e+03 3.098697e-03 4.404325e-02
8.110000e+03 3.107955e-03 4.405060e-02
8.120000e+03 3.111849e-03 4.400790e-02
8.130000e+03 3.118159e-03 4.402855e-02
8.140000e+03 3.104825e-03 4.397282e-02
8.150000e+03 3.100443e-03 4.397201e-02
8.160000e+03 3.079927e-03 4.388028e-02
8.170000e+03 3.087394e-03 4.383482e-02
8.180000e+03 3.079038e-03 4.379717e-02
8.190000e+03 3.081028e-03 4.379876e-02
8.200000e+03 3.071730e-03 4.375673e-02
8.210000e+03 3.073734e-03 4.380992e-02
8.220000e+03 3.078090e-03 4.389867e-02
8.230000e+03 3.074039e-03 4.386014e-02
8.240000e+03 3.071493e-03 4.384837e-02
8.250000e+03 3.093705e-03 4.382647e-02
8.260000e+03 3.110321e-03 4.381201e-02
8.270000e+03 3.123186e-03 4.380820e-02
8.280000e+03 3.143873e-03 4.379117e-02
8.290000e+03 3.145187e-03 4.379272e-02
8.300000e+03 3.169695e-03 4.384786e-02
8.310000e+03 3.176863e-03 4.386487e-02
8.320000e+03 3.187808e-03 4.389105e-02
8.330000e+03 3.193260e-03 4.386370e-02
8.340000e+03 3.196462e-03 4.383473e-02
8.350000e+03 3.196883e-03 4.379563e-02
8.360000e+03 3.185599e-03 4.377507e-02
8.370000e+03 3.180385e-03 4.370480e-02
8.380000e+03 3.178224e-03 4.364785e-02
8.390000e+03 3.178303e-03 4.364254e-02
8.400000e+03 3.178377e-03 4.363335e-02
8.410000e+03 3.169713e-03 4.359918e-02
8.420000e+03 3.172658e-03 4.356590e-02
8.430000e+03 3.162490e-03 4.352557e-02
8.440000e+03 3.165244e-03 4.350249e-02
8.450000e+03 3.172720e-03 4.345978e-02
8.460000e+03 3.182146e-03 4.347881e-02
8.470000e+03 3.178118e-03 4.345217e-02
8.480000e+03 3.196894e-03 4.347948e-02
8.490000e+03 3.195454e-03 4.347818e-02
8.500000e+03 3.196216e-03 4.346102e-02
8.510000e+03 3.193342e-03 4.339039e-02
8.520000e+03 3.201198e-03 4.335538e-02
8.530000e+03 3.205124e-03 4.335237e-02
8.540000e+03 3.206989e-03 4.334900e-02
8.550000e+03 3.204681e-03 4.330620e-02
8.560000e+03 3.209194e-03 4.324927e-02
8.570000e+03 3.210539e-03 4.323073e-02
8.580000e+03 3.199078e-03 4.312641e-02
8.590000e+03 3.202788e-03 4.308308e-02
8.600000e+03 3.197290e-03 4.309578e-02
8.610000e+03 3.196300e-03 4.310237e-02
8.620000e+03 3.196856e-03 4.311292e-02
8.630000e+03 3.183646e-03 4.309479e-02
8.640000e+03 3.168385e-03 4.306424e-02
8.650000e+03 3.164382e-03 4.306579e-02
8.660000e+03 3.157032e-03 4.306814e-02
8.670000e+03 3.161503e-03 4.302872e-02
8.680000e+03 3.156924e-03 4.302020e-02
8.690000e+03 3.157455e-03 4.302539e-02
8.700000e+03 3.160305e-03 4.302838e-02
8.710000e+03 3.161245e-03 4.303451e-02
8.720000e+03 3.172633e-03 4.302048e-02
8.730000e+03 3.173253e-03 4.301543e-02
8.740000e+03 3.186856e-03 4.302474e-02
8.750000e+03 3.167816e-03 4.299320e-02
8.760000e+03 3.170720e-03 4.298184e-02
8.770000e+03 3.170403e-03 4.295812e-02
8.780000e+03 3.173342e-03 4.294841e-02
8.790000e+03 3.172624e-03 4.294354e-02
8.800000e+03 3.170599e-03 4.293543e-02
8.810000e+03 3.165926e-03 4.290736e-02
8.820000e+03 3.164125e-03 4.289810e-02
8.830000e+03 3.159310e-03 4.286681e-02
8.840000e+03 3.150959e-03 4.280583e-02
8.850000e+03 3.149564e-03 4.280946e-02
8.860000e+03 3.154116e-03 4.280312e-02
8.870000e+03 3.162802e-03 4.282036e-02
8.880000e+03 3.162928e-03 4.282445e-02
8.890000e+03 3.162995e-03 4.283076e-02
8.900000e+03 3.159942e-03 4.281028e-02
8.910000e+03 3.153064e-03 4.278870e-02
8.920000e+03 3.165490e-03 4.282258e-02
8.930000e+03 3.165678e-03 4.280112e-02
8.940000e+03 3.161625e-03 4.275265e-02
8.950000e+03 3.162650e-03 4.273456e-02
8.960000e+03 3.151808e-03 4.267279e-02
8.970000e+03 3.156010e-03 4.265344e-02
8.980000e+03 3.152425e-03 4.260715e-02
8.990000e+03 3.153362e-03 4.259015e-02
9.000000e+03 3.150317e-03 4.256538e-02
9.010000e+03 3.148690e-03 4.255958e-02
9.020000e+03 3.138338e-03 4.259026e-02
9.030000e+03 3.131424e-03 4.258624e-02
9.040000e+03 3.134852e-03 4.258371e-02
9.050000e+03 3.128191e-03 4.251340e-02
9.060000e+03 3.115688e-03 4.248110e-02
9.070000e+03 3.136323e-03 4.252183e-02
9.080000e+03 3.134888e-03 4.251843e-02
9.090000e+03 3.119377e-03 4.261807e-02
9.100000e+03 3.127157e-03 4.263866e-02
9.110000e+03 3.122027e-03 4.259472e-02
9.120000e+03 3.135053e-03 4.265273e-02
9.130000e+03 3.116281e-03 4.261854e-02
9.140000e+03 3.110953e-03 4.257449e-02
9.150000e+03 3.120592e-03 4.260809e-02
9.160000e+03 3.126438e-03 4.262619e-02
9.170000e+03 3.127674e-03 4.259459e-02
9.180000e+03 3.142178e-03 4.259797e-02
9.190000e+03 3.158135e-03 4.262931e-02
9.200000e+03 3.171038e-03 4.265389e-02
9.210000e+03 3.180518e-03 4.262226e-02
9.220000e+03 3.191985e-03 4.259167e-02
9.230000e+03 3.190913e-03 4.249395e-02
9.240000e+03 3.226863e-03 4.239332e-02
9.250000e+03 3.226788e-03 4.239217e-02
9.260000e+03 3.224786e-03 4.234440e-02
9.270000e+03 3.221084e-03 4.234365e-02
9.280000e+03 3.227456e-03 4.235005e-02
9.290000e+03 3.233434e-03 4.232468e-02
9.300000e+03 3.241108e-03 4.233524e-02
9.310000e+03 3.254702e-03 4.235143e-02
9.320000e+03 3.263733e-03 4.234090e-02
9.330000e+03 3.260625e-03 4.237533e-02
9.340000e+03 3.251877e-03 4.236902e-02
9.350000e+03 3.249046e-03 4.239453e-02
9.360000e+03 3.239829e-03 4.234524e-02
9.370000e+03 3.233306e-03 4.229052e-02
9.380000e+03 3.266364e-03 4.234008e-02
9.390000e+03 3.276586e-03 4.232914e-02
9.400000e+03 3.257404e-03 4.228453e-02
9.410000e+03 3.248540e-03 4.228116e-02
9.420000e+03 3.247346e-03 4.223916e-02
9.430000e+03 3.268154e-03 4.218380e-02
9.440000e+03 3.276519e-03 4.219410e-02
9.450000e+03 3.268014e-03 4.208320e-02
9.460000e+03 3.267855e-03 4.199745e-02
9.470000e+03 3.290442e-03 4.202978e-02
9.480000e+03 3.298448e-03 4.203374e-02
9.490000e+03 3.291108e-03 4.198158e-02
9.500000e+03 3.291788e-03 4.202216e-02
9.510000e+03 3.281998e-03 4.203880e-02
9.520000e+03 3.284790e-03 4.202274e-02
9.530000e+03 3.282424e-03 4.202773e-02
9.540000e+03 3.276775e-03 4.203777e-02
9.550000e+03 3.286450e-03 4.204272e-02
9.560000e+03 3.289614e-03 4.204252e-02
9.570000e+03 3.290893e-03 4.197642e-02
9.580000e+03 3.293429e-03 4.194448e-02
9.590000e+03 3.278734e-03 4.192299e-02
9.600000e+03 3.273853e-03 4.190302e-02
9.610000e+03 3.251066e-03 4.180365e-02
9.620000e+03 3.255345e-03 4.179202e-02
9.630000e+03 3.262511e-03 4.176907e-02
9.640000e+03 3.267378e-03 4.177326e-02
9.650000e+03 3.255000e-03 4.175699e-02
9.660000e+03 3.241305e-03 4.175773e-02
9.670000e+03 3.229478e-03 4.166397e-02
9.680000e+03 3.214815e-03 4.162947e-02
9.690000e+03 3.200466e-03 4.155581e-02
9.700000e+03 3.202168e-03 4.156114e-02
9.710000e+03 3.203723e-03 4.156954e-02
9.720000e+03 3.197446e-03 4.156061e-02
9.730000e+03 3.197207e-03 4.153546e-02
9.740000e+03 3.174794e-03 4.150000e-02
9.750000e+03 3.177595e-03 4.150087e-02
9.760000e+03 3.167449e-03 4.153539e-02
9.770000e+03 3.176446e-03 4.156455e-02
9.780000e+03 3.177406e-03 4.147123e-02
9.790000e+03 3.176224e-03 4.147348e-02
9.800000e+03 3.171359e-03 4.151362e-02
9.810000e+03 3.171345e-03 4.150607e-02
9.820000e+03 3.174444e-03 4.150571e-02
9.830000e+03 3.190481e-03 4.152223e-02
9.840000e+03 3.210445e-03 4.151898e-02
9.850000e+03 3.209119e-03 4.152971e-02
9.860000e+03 3.211116e-03 4.149491e-02
9.870000e+03 3.215135e-03 4.150363e-02
9.880000e+03 3.232574e-03 4.154533e-02
9.890000e+03 3.219943e-03 4.145155e-02
9.900000e+03 3.195174e-03 4.140793e-02
9.910000e+03 3.193984e-03 4.140567e-02
9.920000e+03 3.186689e-03 4.137375e-02
9.930000e+03 3.172607e-03 4.135554e-02
9.940000e+03 3.179311e-03 4.137538e-02
9.950000e+03 3.189900e-03 4.129551e-02
9.960000e+03 3.177570e-03 4.122622e-02
9.970000e+03 3.172678e-03 4.122436e-02
9.980000e+03 3.142672e-03 4.108343e-02
9.990000e+03 3.145795e-03 4.101845e-02
1.000000e+04 3.132287e-03 4.097239e-02
