1.000000e+01 1.563439e+00 2.038979e+01
2.000000e+01 1.953117e-01 2.941037e+01
3.000000e+01 2.478247e-01 3.041003e+01
4.000000e+01 2.756782e-01 3.052470e+01
5.000000e+01 3.033440e-01 3.069119e+01
6.000000e+01 2.952977e-01 3.069202e+01
7.000000e+01 3.009987e-01 3.078049e+01
8.000000e+01 3.003633e-01 3.079680e+01
9.000000e+01 3.162062e-01 3.086147e+01
1.000000e+02 3.153490e-01 3.086228e+01
1.100000e+02 3.137993e-01 3.084069e+01
1.200000e+02 3.271123e-01 3.085803e+01
1.300000e+02 3.278517e-01 3.084203e+01
1.400000e+02 3.295817e-01 3.084630e+01
1.500000e+02 3.352252e-01 3.073550e+01
1.600000e+02 3.333289e-01 3.069801e+01
1.700000e+02 3.319060e-01 3.070399e+01
1.800000e+02 3.356686e-01 3.048102e+01
1.900000e+02 3.342116e-01 3.041431e+01
2.000000e+02 3.350958e-01 3.037322e+01
2.100000e+02 3.294148e-01 2.975618e+01
2.200000e+02 3.420027e-01 2.945240e+01
2.300000e+02 3.159658e-01 2.859111e+01
2.400000e+02 2.968820e-01 2.867049e+01
2.500000e+02 2.771627e-01 2.927521e+01
2.600000e+02 2.655290e-01 2.978448e+01
2.700000e+02 2.591260e-01 3.025263e+01
2.800000e+02 2.554265e-01 3.068223e+01
2.900000e+02 2.569564e-01 3.073550e+01
3.000000e+02 2.581282e-01 3.073804e+01
3.100000e+02 2.556889e-01 3.100217e+01
3.200000e+02 2.490938e-01 3.108050e+01
3.300000e+02 2.507795e-01 3.105188e+01
3.400000e+02 2.461629e-01 3.106557e+01
3.500000e+02 2.398479e-01 3.146003e+01
3.600000e+02 2.335406e-01 3.185705e+01
3.700000e+02 2.324848e-01 3.201153e+01
3.800000e+02 2.351572e-01 3.200915e+01
3.900000e+02 2.340634e-01 3.197551e+01
4.000000e+02 2.327738e-01 3.198677e+01
4.100000e+02 2.302841e-01 3.194659e+01
4.200000e+02 2.257479e-01 3.192848e+01
4.300000e+02 2.167195e-01 3.200221e+01
4.400000e+02 2.084389e-01 3.197432e+01
4.500000e+02 2.100347e-01 3.198510e+01
4.600000e+02 2.123959e-01 3.192844e+01
4.700000e+02 2.148186e-01 3.175352e+01
4.800000e+02 2.129736e-01 3.157826e+01
4.900000e+02 2.072111e-01 3.049477e+01
5.000000e+02 2.060083e-01 3.028930e+01
5.100000e+02 2.060949e-01 3.003325e+01
5.200000e+02 2.108609e-01 3.023801e+01
5.300000e+02 2.128858e-01 3.034754e+01
5.400000e+02 2.086972e-01 3.026908e+01
5.500000e+02 2.173380e-01 3.034400e+01
5.600000e+02 2.227076e-01 3.031606e+01
5.700000e+02 2.219952e-01 3.028230e+01
5.800000e+02 2.344654e-01 2.997965e+01
5.900000e+02 2.381587e-01 2.990241e+01
6.000000e+02 2.335752e-01 2.981042e+01
6.100000e+02 2.364233e-01 2.945959e+01
6.200000e+02 2.085515e-01 2.916829e+01
6.300000e+02 2.070604e-01 2.915672e+01
6.400000e+02 2.061105e-01 2.910901e+01
6.500000e+02 2.033505e-01 2.908122e+01
6.600000e+02 2.113594e-01 2.900893e+01
6.700000e+02 2.125969e-01 2.895319e+01
6.800000e+02 1.911677e-01 2.817791e+01
6.900000e+02 1.937119e-01 2.777731e+01
7.000000e+02 1.921980e-01 2.763883e+01
7.100000e+02 1.700498e-01 2.709768e+01
7.200000e+02 1.661070e-01 2.683191e+01
7.300000e+02 1.599477e-01 2.657470e+01
7.400000e+02 1.598178e-01 2.657182e+01
7.500000e+02 1.629955e-01 2.664823e+01
7.600000e+02 1.592593e-01 2.675506e+01
7.700000e+02 1.586757e-01 2.671234e+01
7.800000e+02 1.547766e-01 2.639135e+01
7.900000e+02 1.552790e-01 2.635714e+01
8.000000e+02 1.548011e-01 2.618665e+01
8.100000e+02 1.555322e-01 2.624154e+01
8.200000e+02 1.539174e-01 2.622885e+01
8.300000e+02 1.520584e-01 2.601405e+01
8.400000e+02 1.513851e-01 2.598211e+01
8.500000e+02 1.511350e-01 2.589356e+01
8.600000e+02 1.518057e-01 2.590513e+01
8.700000e+02 1.524729e-01 2.580730e+01
8.800000e+02 1.515735e-01 2.583203e+01
8.900000e+02 1.497924e-01 2.561513e+01
9.000000e+02 1.502210e-01 2.563546e+01
9.100000e+02 1.464467e-01 2.546130e+01
9.200000e+02 1.454820e-01 2.548020e+01
9.300000e+02 1.459187e-01 2.529973e+01
9.400000e+02 1.418423e-01 2.492454e+01
9.500000e+02 1.374231e-01 2.472810e+01
9.600000e+02 1.349585e-01 2.455410e+01
9.700000e+02 1.299916e-01 2.430209e+01
9.800000e+02 1.293434e-01 2.425181e+01
9.900000e+02 1.288068e-01 2.409221e+01
1.000000e+03 1.316896e-01 2.416719e+01
1.010000e+03 1.288973e-01 2.407260e+01
1.020000e+03 1.291260e-01 2.403592e+01
1.030000e+03 1.283826e-01 2.402568e+01
1.040000e+03 1.280354e-01 2.397158e+01
1.050000e+03 1.280082e-01 2.397067e+01
1.060000e+03 1.280768e-01 2.384167e+01
1.070000e+03 1.275873e-01 2.383390e+01
1.080000e+03 1.262668e-01 2.380097e+01
1.090000e+03 1.252397e-01 2.372976e+01
1.100000e+03 1.188016e-01 2.350396e+01
1.110000e+03 1.168418e-01 2.342687e+01
1.120000e+03 1.165155e-01 2.339353e+01
1.130000e+03 1.134683e-01 2.325830e+01
1.140000e+03 1.132450e-01 2.326632e+01
1.150000e+03 1.134605e-01 2.327283e+01
1.160000e+03 1.133486e-01 2.325011e+01
1.170000e+03 1.114592e-01 2.317351e+01
1.180000e+03 1.113362e-01 2.316603e+01
1.190000e+03 1.115665e-01 2.319268e+01
1.200000e+03 1.111683e-01 2.318918e+01
1.210000e+03 1.100914e-01 2.314204e+01
1.220000e+03 1.058759e-01 2.290482e+01
1.230000e+03 1.050198e-01 2.284901e+01
1.240000e+03 1.020483e-01 2.258826e+01
1.250000e+03 1.017606e-01 2.251818e+01
1.260000e+03 1.021550e-01 2.245965e+01
1.270000e+03 1.024979e-01 2.242068e+01
1.280000e+03 1.016705e-01 2.234486e+01
1.290000e+03 1.023379e-01 2.239737e+01
1.300000e+03 1.015507e-01 2.237526e+01
1.310000e+03 9.907762e-02 2.210389e+01
1.320000e+03 9.092764e-02 2.108853e+01
1.330000e+03 8.999557e-02 2.089957e+01
1.340000e+03 8.384054e-02 2.037134e+01
1.350000e+03 7.588036e-02 1.965110e+01
1.360000e+03 6.675726e-02 1.938697e+01
1.370000e+03 6.536829e-02 1.934070e+01
1.380000e+03 6.665636e-02 1.933964e+01
1.390000e+03 6.602723e-02 1.925645e+01
1.400000e+03 6.590514e-02 1.926561e+01
1.410000e+03 6.564015e-02 1.930100e+01
1.420000e+03 6.607211e-02 1.926467e+01
1.430000e+03 6.607880e-02 1.926558e+01
1.440000e+03 6.572505e-02 1.924456e+01
1.450000e+03 6.348740e-02 1.913325e+01
1.460000e+03 6.278825e-02 1.908703e+01
1.470000e+03 6.008020e-02 1.894507e+01
1.480000e+03 6.042343e-02 1.893278e+01
1.490000e+03 6.029393e-02 1.893399e+01
1.500000e+03 6.021773e-02 1.894974e+01
1.510000e+03 6.038032e-02 1.892326e+01
1.520000e+03 6.014299e-02 1.889977e+01
1.530000e+03 5.996427e-02 1.881579e+01
1.540000e+03 5.901362e-02 1.876481e+01
1.550000e+03 5.980161e-02 1.877601e+01
1.560000e+03 6.065244e-02 1.876817e+01
1.570000e+03 6.087395e-02 1.873316e+01
1.580000e+03 6.172210e-02 1.863789e+01
1.590000e+03 6.144998e-02 1.860388e+01
1.600000e+03 6.152637e-02 1.856108e+01
1.610000e+03 6.092256e-02 1.842675e+01
1.620000e+03 6.114421e-02 1.844155e+01
1.630000e+03 6.094012e-02 1.835281e+01
1.640000e+03 6.037319e-02 1.832387e+01
1.650000e+03 6.023490e-02 1.830911e+01
1.660000e+03 6.012193e-02 1.824993e+01
1.670000e+03 5.926193e-02 1.816229e+01
1.680000e+03 5.726475e-02 1.806622e+01
1.690000e+03 5.581111e-02 1.795936e+01
1.700000e+03 5.662071e-02 1.795201e+01
1.710000e+03 5.223678e-02 1.780245e+01
1.720000e+03 4.917534e-02 1.748344e+01
1.730000e+03 4.841555e-02 1.729442e+01
1.740000e+03 4.647368e-02 1.709333e+01
1.750000e+03 4.575749e-02 1.714092e+01
1.760000e+03 4.365415e-02 1.697911e+01
1.770000e+03 4.370176e-02 1.678898e+01
1.780000e+03 3.962483e-02 1.629348e+01
1.790000e+03 3.864156e-02 1.617064e+01
1.800000e+03 3.672024e-02 1.605833e+01
1.810000e+03 3.678975e-02 1.602473e+01
1.820000e+03 3.689949e-02 1.604721e+01
1.830000e+03 3.714038e-02 1.596080e+01
1.840000e+03 3.602023e-02 1.589084e+01
1.850000e+03 3.639298e-02 1.583775e+01
1.860000e+03 3.663536e-02 1.583476e+01
1.870000e+03 3.586737e-02 1.577894e+01
1.880000e+03 3.568154e-02 1.577777e+01
1.890000e+03 3.566706e-02 1.576859e+01
1.900000e+03 3.590853e-02 1.576064e+01
1.910000e+03 3.525424e-02 1.572783e+01
1.920000e+03 3.541373e-02 1.569831e+01
1.930000e+03 3.538874e-02 1.540048e+01
1.940000e+03 3.490451e-02 1.520437e+01
1.950000e+03 3.410661e-02 1.508810e+01
1.960000e+03 3.421758e-02 1.509065e+01
1.970000e+03 3.352193e-02 1.490313e+01
1.980000e+03 3.416650e-02 1.484078e+01
1.990000e+03 3.395643e-02 1.477833e+01
2.000000e+03 3.349171e-02 1.471451e+01
2.010000e+03 3.270039e-02 1.469760e+01
2.020000e+03 3.274539e-02 1.464440e+01
2.030000e+03 3.166728e-02 1.455840e+01
2.040000e+03 3.138109e-02 1.452983e+01
2.050000e+03 3.068197e-02 1.441010e+01
2.060000e+03 3.081543e-02 1.442935e+01
2.070000e+03 3.001328e-02 1.430032e+01
2.080000e+03 3.056454e-02 1.425333e+01
2.090000e+03 3.055138e-02 1.426149e+01
2.100000e+03 3.062043e-02 1.427102e+01
2.110000e+03 2.987909e-02 1.418913e+01
2.120000e+03 2.982996e-02 1.416360e+01
2.130000e+03 2.942384e-02 1.412115e+01
2.140000e+03 2.910170e-02 1.407117e+01
2.150000e+03 2.902781e-02 1.402300e+01
2.160000e+03 2.848456e-02 1.389873e+01
2.170000e+03 2.786822e-02 1.382278e+01
2.180000e+03 2.801063e-02 1.373848e+01
2.190000e+03 2.787374e-02 1.368681e+01
2.200000e+03 2.769281e-02 1.367475e+01
2.210000e+03 2.630534e-02 1.349008e+01
2.220000e+03 2.701252e-02 1.325128e+01
2.230000e+03 2.690506e-02 1.282506e+01
2.240000e+03 2.667727e-02 1.272343e+01
2.250000e+03 2.665647e-02 1.284053e+01
2.260000e+03 2.708753e-02 1.279131e+01
2.270000e+03 2.755637e-02 1.277871e+01
2.280000e+03 2.712187e-02 1.275069e+01
2.290000e+03 2.739877e-02 1.275268e+01
2.300000e+03 2.714838e-02 1.275524e+01
2.310000e+03 2.745548e-02 1.274418e+01
2.320000e+03 2.814752e-02 1.275849e+01
2.330000e+03 2.829858e-02 1.273759e+01
2.340000e+03 2.847812e-02 1.272370e+01
2.350000e+03 2.839693e-02 1.268063e+01
2.360000e+03 2.872416e-02 1.266547e+01
2.370000e+03 2.877270e-02 1.264818e+01
2.380000e+03 2.954669e-02 1.265755e+01
2.390000e+03 3.031672e-02 1.266810e+01
2.400000e+03 3.055587e-02 1.271329e+01
2.410000e+03 3.080594e-02 1.275917e+01
2.420000e+03 3.106175e-02 1.275569e+01
2.430000e+03 3.113585e-02 1.273483e+01
2.440000e+03 3.216024e-02 1.267852e+01
2.450000e+03 3.192789e-02 1.265622e+01
2.460000e+03 3.179096e-02 1.263318e+01
2.470000e+03 3.225000e-02 1.260587e+01
2.480000e+03 3.199438e-02 1.247107e+01
2.490000e+03 3.284677e-02 1.240295e+01
2.500000e+03 3.313987e-02 1.239628e+01
2.510000e+03 3.306179e-02 1.242685e+01
2.520000e+03 3.315548e-02 1.241205e+01
2.530000e+03 3.286370e-02 1.241675e+01
2.540000e+03 3.320329e-02 1.238744e+01
2.550000e+03 3.342960e-02 1.234221e+01
2.560000e+03 3.378844e-02 1.238385e+01
2.570000e+03 3.392555e-02 1.241000e+01
2.580000e+03 3.362124e-02 1.232051e+01
2.590000e+03 3.321773e-02 1.231040e+01
2.600000e+03 3.301846e-02 1.226312e+01
2.610000e+03 3.190859e-02 1.213268e+01
2.620000e+03 3.288931e-02 1.204072e+01
2.630000e+03 3.309861e-02 1.193186e+01
2.640000e+03 3.351981e-02 1.190698e+01
2.650000e+03 3.376144e-02 1.188657e+01
2.660000e+03 3.320933e-02 1.184936e+01
2.670000e+03 3.365764e-02 1.190849e+01
2.680000e+03 3.233749e-02 1.183136e+01
2.690000e+03 3.243690e-02 1.182862e+01
2.700000e+03 3.267021e-02 1.180776e+01
2.710000e+03 3.272215e-02 1.181674e+01
2.720000e+03 3.279161e-02 1.180967e+01
2.730000e+03 3.282212e-02 1.181103e+01
2.740000e+03 3.245097e-02 1.175601e+01
2.750000e+03 3.253311e-02 1.173778e+01
2.760000e+03 3.275701e-02 1.175372e+01
2.770000e+03 3.303114e-02 1.169514e+01
2.780000e+03 3.349874e-02 1.158592e+01
2.790000e+03 3.357550e-02 1.138871e+01
2.800000e+03 3.383501e-02 1.135233e+01
2.810000e+03 3.338664e-02 1.130261e+01
2.820000e+03 3.300795e-02 1.125908e+01
2.830000e+03 3.311748e-02 1.124154e+01
2.840000e+03 3.285524e-02 1.122208e+01
2.850000e+03 3.312987e-02 1.121697e+01
2.860000e+03 3.318517e-02 1.119109e+01
2.870000e+03 3.303714e-02 1.113902e+01
2.880000e+03 3.328404e-02 1.103244e+01
2.890000e+03 3.314965e-02 1.098959e+01
2.900000e+03 3.330410e-02 1.090963e+01
2.910000e+03 3.311631e-02 1.085426e+01
2.920000e+03 3.310922e-02 1.082443e+01
2.930000e+03 3.260567e-02 1.081311e+01
2.940000e+03 3.263668e-02 1.082793e+01
2.950000e+03 3.252376e-02 1.082072e+01
2.960000e+03 3.228063e-02 1.083563e+01
2.970000e+03 3.243031e-02 1.084782e+01
2.980000e+03 3.319968e-02 1.083590e+01
2.990000e+03 3.315821e-02 1.077435e+01
3.000000e+03 3.320233e-02 1.077597e+01
3.010000e+03 3.354865e-02 1.067251e+01
3.020000e+03 3.375392e-02 1.054439e+01
3.030000e+03 3.364552e-02 1.052014e+01
3.040000e+03 3.350030e-02 1.051539e+01
3.050000e+03 3.226159e-02 1.047532e+01
3.060000e+03 3.215790e-02 1.047438e+01
3.070000e+03 3.234229e-02 1.046551e+01
3.080000e+03 3.252403e-02 1.040075e+01
3.090000e+03 3.285526e-02 1.045120e+01
3.100000e+03 3.258973e-02 1.043831e+01
3.110000e+03 3.249036e-02 1.042739e+01
3.120000e+03 3.224155e-02 1.041206e+01
3.130000e+03 3.217158e-02 1.040063e+01
3.140000e+03 3.216926e-02 1.037722e+01
3.150000e+03 3.215800e-02 1.036829e+01
3.160000e+03 3.210705e-02 1.034540e+01
3.170000e+03 3.226243e-02 1.033971e+01
3.180000e+03 3.219407e-02 1.028814e+01
3.190000e+03 3.209651e-02 1.028289e+01
3.200000e+03 3.197375e-02 1.029605e+01
3.210000e+03 3.199583e-02 1.029750e+01
3.220000e+03 3.175445e-02 1.029701e+01
3.230000e+03 3.123931e-02 1.031540e+01
3.240000e+03 3.152563e-02 1.030625e+01
3.250000e+03 3.161005e-02 1.029452e+01
3.260000e+03 3.131471e-02 1.027366e+01
3.270000e+03 3.120919e-02 1.025817e+01
3.280000e+03 3.131270e-02 1.023521e+01
3.290000e+03 3.054251e-02 1.018293e+01
3.300000e+03 3.012564e-02 1.006199e+01
3.310000e+03 2.963420e-02 9.724352e+00
3.320000e+03 2.931163e-02 9.630396e+00
3.330000e+03 2.906837e-02 9.659363e+00
3.340000e+03 2.915631e-02 9.652187e+00
3.350000e+03 2.925799e-02 9.659026e+00
3.360000e+03 2.908383e-02 9.643536e+00
3.370000e+03 2.917788e-02 9.628935e+00
3.380000e+03 2.929625e-02 9.632962e+00
3.390000e+03 2.946769e-02 9.620571e+00
3.400000e+03 2.969331e-02 9.595381e+00
3.410000e+03 2.946787e-02 9.580856e+00
3.420000e+03 2.960372e-02 9.549594e+00
3.430000e+03 2.967555e-02 9.533788e+00
3.440000e+03 2.966671e-02 9.527325e+00
3.450000e+03 2.952558e-02 9.525300e+00
3.460000e+03 2.937797e-02 9.509110e+00
3.470000e+03 2.925160e-02 9.497011e+00
3.480000e+03 2.922659e-02 9.488572e+00
3.490000e+03 2.907803e-02 9.480527e+00
3.500000e+03 2.906194e-02 9.454812e+00
3.510000e+03 2.903575e-02 9.465703e+00
3.520000e+03 2.871343e-02 9.449061e+00
3.530000e+03 2.830887e-02 9.460563e+00
3.540000e+03 2.810855e-02 9.433022e+00
3.550000e+03 2.807353e-02 9.334289e+00
3.560000e+03 2.703571e-02 9.250111e+00
3.570000e+03 2.597773e-02 9.093179e+00
3.580000e+03 2.633749e-02 8.885795e+00
3.590000e+03 2.614767e-02 8.834822e+00
3.600000e+03 2.610636e-02 8.819368e+00
3.610000e+03 2.577094e-02 8.779192e+00
3.620000e+03 2.589567e-02 8.704535e+00
3.630000e+03 2.573381e-02 8.651751e+00
3.640000e+03 2.565420e-02 8.686487e+00
3.650000e+03 2.540490e-02 8.667107e+00
3.660000e+03 2.516459e-02 8.654838e+00
3.670000e+03 2.558766e-02 8.574936e+00
3.680000e+03 2.652450e-02 8.528130e+00
3.690000e+03 2.654256e-02 8.521787e+00
3.700000e+03 2.635905e-02 8.491121e+00
3.710000e+03 2.626635e-02 8.451537e+00
3.720000e+03 2.626479e-02 8.440334e+00
3.730000e+03 2.627450e-02 8.444035e+00
3.740000e+03 2.636113e-02 8.437625e+00
3.750000e+03 2.641478e-02 8.434166e+00
3.760000e+03 2.653580e-02 8.431491e+00
3.770000e+03 2.633123e-02 8.387077e+00
3.780000e+03 2.609173e-02 8.382487e+00
3.790000e+03 2.587821e-02 8.361167e+00
3.800000e+03 2.574114e-02 8.351626e+00
3.810000e+03 2.564259e-02 8.346349e+00
3.820000e+03 2.568583e-02 8.346458e+00
3.830000e+03 2.564965e-02 8.339327e+00
3.840000e+03 2.578072e-02 8.330348e+00
3.850000e+03 2.584693e-02 8.317889e+00
3.860000e+03 2.607338e-02 8.294464e+00
3.870000e+03 2.608464e-02 8.247727e+00
3.880000e+03 2.603396e-02 8.036012e+00
3.890000e+03 2.625715e-02 7.963960e+00
3.900000e+03 2.630540e-02 7.904367e+00
3.910000e+03 2.645560e-02 7.843132e+00
3.920000e+03 2.631567e-02 7.825569e+00
3.930000e+03 2.615838e-02 7.795584e+00
3.940000e+03 2.611336e-02 7.750167e+00
3.950000e+03 2.602138e-02 7.744503e+00
3.960000e+03 2.580771e-02 7.732700e+00
3.970000e+03 2.559975e-02 7.748628e+00
3.980000e+03 2.549886e-02 7.724803e+00
3.990000e+03 2.564290e-02 7.730717e+00
4.000000e+03 2.557722e-02 7.705649e+00
4.010000e+03 2.568452e-02 7.652531e+00
4.020000e+03 2.585504e-02 7.642400e+00
4.030000e+03 2.560182e-02 7.638445e+00
4.040000e+03 2.548515e-02 7.626909e+00
4.050000e+03 2.531134e-02 7.577258e+00
4.060000e+03 2.528421e-02 7.602330e+00
4.070000e+03 2.493977e-02 7.614303e+00
4.080000e+03 2.474012e-02 7.614649e+00
4.090000e+03 2.463871e-02 7.614266e+00
4.100000e+03 2.439326e-02 7.544771e+00
4.110000e+03 2.403532e-02 7.490264e+00
4.120000e+03 2.388283e-02 7.482635e+00
4.130000e+03 2.401688e-02 7.488372e+00
4.140000e+03 2.366809e-02 7.449177e+00
4.150000e+03 2.363253e-02 7.492286e+00
4.160000e+03 2.369034e-02 7.500778e+00
4.170000e+03 2.382775e-02 7.509272e+00
4.180000e+03 2.364581e-02 7.491780e+00
4.190000e+03 2.351711e-02 7.483149e+00
4.200000e+03 2.343899e-02 7.482508e+00
4.210000e+03 2.329824e-02 7.476160e+00
4.220000e+03 2.341707e-02 7.472277e+00
4.230000e+03 2.311729e-02 7.448364e+00
4.240000e+03 2.314114e-02 7.448807e+00
4.250000e+03 2.313356e-02 7.444656e+00
4.260000e+03 2.294987e-02 7.440940e+00
4.270000e+03 2.247347e-02 7.359830e+00
4.280000e+03 2.206590e-02 7.224478e+00
4.290000e+03 2.201464e-02 7.181421e+00
4.300000e+03 2.208906e-02 7.163651e+00
4.310000e+03 2.202102e-02 7.180891e+00
4.320000e+03 2.208357e-02 7.165008e+00
4.330000e+03 2.204435e-02 7.131115e+00
4.340000e+03 2.199238e-02 7.116956e+00
4.350000e+03 2.224464e-02 7.125123e+00
4.360000e+03 2.198660e-02 7.095412e+00
4.370000e+03 2.161837e-02 7.080166e+00
4.380000e+03 2.115042e-02 7.007297e+00
4.390000e+03 2.112283e-02 7.005231e+00
4.400000e+03 2.114346e-02 6.989466e+00
4.410000e+03 2.115016e-02 6.990655e+00
4.420000e+03 2.110932e-02 6.972446e+00
4.430000e+03 2.108024e-02 6.970913e+00
4.440000e+03 2.105692e-02 6.967951e+00
4.450000e+03 2.093291e-02 6.952847e+00
4.460000e+03 2.091329e-02 6.937694e+00
4.470000e+03 2.077000e-02 6.932502e+00
4.480000e+03 2.085344e-02 6.887865e+00
4.490000e+03 2.107154e-02 6.824107e+00
4.500000e+03 2.100403e-02 6.822992e+00
4.510000e+03 2.095809e-02 6.808150e+00
4.520000e+03 2.095842e-02 6.814641e+00
4.530000e+03 2.115575e-02 6.793717e+00
4.540000e+03 2.132125e-02 6.756438e+00
4.550000e+03 2.109354e-02 6.709267e+00
4.560000e+03 2.113408e-02 6.711602e+00
4.570000e+03 2.132984e-02 6.642202e+00
4.580000e+03 2.160552e-02 6.663096e+00
4.590000e+03 2.166855e-02 6.676857e+00
4.600000e+03 2.159374e-02 6.668536e+00
4.610000e+03 2.170113e-02 6.665631e+00
4.620000e+03 2.159086e-02 6.672765e+00
4.630000e+03 2.172621e-02 6.616108e+00
4.640000e+03 2.175037e-02 6.606575e+00
4.650000e+03 2.184462e-02 6.597392e+00
4.660000e+03 2.189454e-02 6.603732e+00
4.670000e+03 2.170914e-02 6.604578e+00
4.680000e+03 2.126341e-02 6.591594e+00
4.690000e+03 2.117275e-02 6.595607e+00
4.700000e+03 2.130872e-02 6.593738e+00
4.710000e+03 2.135725e-02 6.581190e+00
4.720000e+03 2.124533e-02 6.563467e+00
4.730000e+03 2.108848e-02 6.604972e+00
4.740000e+03 2.107255e-02 6.595100e+00
4.750000e+03 2.121749e-02 6.590255e+00
4.760000e+03 2.122508e-02 6.583524e+00
4.770000e+03 2.116473e-02 6.575697e+00
4.780000e+03 2.110905e-02 6.577739e+00
4.790000e+03 2.114996e-02 6.574794e+00
4.800000e+03 2.120035e-02 6.583797e+00
4.810000e+03 2.123456e-02 6.586095e+00
4.820000e+03 2.146230e-02 6.582638e+00
4.830000e+03 2.146601e-02 6.601208e+00
4.840000e+03 2.128610e-02 6.598586e+00
4.850000e+03 2.125083e-02 6.602075e+00
4.860000e+03 2.116001e-02 6.592072e+00
4.870000e+03 2.097131e-02 6.581417e+00
4.880000e+03 2.081908e-02 6.576517e+00
4.890000e+03 2.073540e-02 6.569097e+00
4.900000e+03 2.053264e-02 6.562322e+00
4.910000e+03 2.049182e-02 6.556299e+00
4.920000e+03 2.044268e-02 6.552500e+00
4.930000e+03 2.041275e-02 6.547047e+00
4.940000e+03 2.043370e-02 6.555442e+00
4.950000e+03 2.040841e-02 6.557835e+00
4.960000e+03 2.037468e-02 6.557293e+00
4.970000e+03 2.040743e-02 6.557540e+00
4.980000e+03 2.044691e-02 6.562581e+00
4.990000e+03 2.042248e-02 6.560684e+00
5.000000e+03 2.034552e-02 6.557991e+00
5.010000e+03 2.032765e-02 6.556988e+00
5.020000e+03 2.028946e-02 6.558150e+00
5.030000e+03 2.034682e-02 6.558177e+00
5.040000e+03 2.016627e-02 6.556465e+00
5.050000e+03 2.012606e-02 6.557819e+00
5.060000e+03 2.004451e-02 6.545478e+00
5.070000e+03 1.979423e-02 6.536811e+00
5.080000e+03 1.980337e-02 6.535219e+00
5.090000e+03 1.931095e-02 6.534956e+00
5.100000e+03 1.913407e-02 6.520106e+00
5.110000e+03 1.882208e-02 6.511380e+00
5.120000e+03 1.855439e-02 6.506024e+00
5.130000e+03 1.830155e-02 6.496335e+00
5.140000e+03 1.833113e-02 6.474707e+00
5.150000e+03 1.818277e-02 6.466771e+00
5.160000e+03 1.798564e-02 6.460255e+00
5.170000e+03 1.789258e-02 6.446935e+00
5.180000e+03 1.786555e-02 6.441053e+00
5.190000e+03 1.776012e-02 6.432693e+00
5.200000e+03 1.749448e-02 6.427045e+00
5.210000e+03 1.719525e-02 6.404070e+00
5.220000e+03 1.715967e-02 6.396417e+00
5.230000e+03 1.693827e-02 6.381592e+00
5.240000e+03 1.688106e-02 6.375191e+00
5.250000e+03 1.680595e-02 6.372539e+00
5.260000e+03 1.687604e-02 6.377663e+00
5.270000e+03 1.679559e-02 6.376153e+00
5.280000e+03 1.675377e-02 6.372611e+00
5.290000e+03 1.653895e-02 6.362610e+00
5.300000e+03 1.664786e-02 6.370965e+00
5.310000e+03 1.661392e-02 6.366224e+00
5.320000e+03 1.673942e-02 6.369208e+00
5.330000e+03 1.667764e-02 6.359753e+00
5.340000e+03 1.665736e-02 6.358970e+00
5.350000e+03 1.663425e-02 6.354908e+00
5.360000e+03 1.657838e-02 6.353971e+00
5.370000e+03 1.657349e-02 6.349612e+00
5.380000e+03 1.658642e-02 6.356188e+00
5.390000e+03 1.645197e-02 6.342519e+00
5.400000e+03 1.631388e-02 6.332334e+00
5.410000e+03 1.623680e-02 6.330051e+00
5.420000e+03 1.623409e-02 6.327948e+00
5.430000e+03 1.612665e-02 6.327971e+00
5.440000e+03 1.586248e-02 6.311485e+00
5.450000e+03 1.576792e-02 6.311321e+00
5.460000e+03 1.539210e-02 6.288383e+00
5.470000e+03 1.526739e-02 6.285144e+00
5.480000e+03 1.536020e-02 6.293245e+00
5.490000e+03 1.528098e-02 6.287488e+00
5.500000e+03 1.529484e-02 6.285162e+00
5.510000e+03 1.513157e-02 6.282552e+00
5.520000e+03 1.492657e-02 6.274195e+00
5.530000e+03 1.490565e-02 6.272916e+00
5.540000e+03 1.495327e-02 6.276140e+00
5.550000e+03 1.496787e-02 6.278915e+00
5.560000e+03 1.500107e-02 6.277443e+00
5.570000e+03 1.496116e-02 6.276574e+00
5.580000e+03 1.496521e-02 6.277714e+00
5.590000e+03 1.495420e-02 6.274915e+00
5.600000e+03 1.512628e-02 6.282265e+00
5.610000e+03 1.511964e-02 6.284894e+00
5.620000e+03 1.504276e-02 6.279043e+00
5.630000e+03 1.502652e-02 6.278898e+00
5.640000e+03 1.536308e-02 6.284430e+00
5.650000e+03 1.548427e-02 6.285639e+00
5.660000e+03 1.547620e-02 6.282039e+00
5.670000e+03 1.552339e-02 6.280322e+00
5.680000e+03 1.555247e-02 6.277495e+00
5.690000e+03 1.547761e-02 6.274929e+00
5.700000e+03 1.542159e-02 6.261265e+00
5.710000e+03 1.536501e-02 6.259652e+00
5.720000e+03 1.546083e-02 6.257178e+00
5.730000e+03 1.554833e-02 6.250152e+00
5.740000e+03 1.568292e-02 6.247292e+00
5.750000e+03 1.556266e-02 6.239247e+00
5.760000e+03 1.559748e-02 6.241280e+00
5.770000e+03 1.558166e-02 6.241882e+00
5.780000e+03 1.558468e-02 6.241044e+00
5.790000e+03 1.555577e-02 6.236193e+00
5.800000e+03 1.554638e-02 6.234066e+00
5.810000e+03 1.560265e-02 6.237182e+00
5.820000e+03 1.570179e-02 6.235848e+00
5.830000e+03 1.573053e-02 6.237139e+00
5.840000e+03 1.571398e-02 6.237805e+00
5.850000e+03 1.587064e-02 6.238345e+00
5.860000e+03 1.600871e-02 6.243267e+00
5.870000e+03 1.601066e-02 6.235325e+00
5.880000e+03 1.596072e-02 6.233856e+00
5.890000e+03 1.590115e-02 6.227416e+00
5.900000e+03 1.576531e-02 6.212844e+00
5.910000e+03 1.577707e-02 6.203837e+00
5.920000e+03 1.570246e-02 6.186361e+00
5.930000e+03 1.573955e-02 6.167436e+00
5.940000e+03 1.566309e-02 6.169759e+00
5.950000e+03 1.569442e-02 6.162640e+00
5.960000e+03 1.564484e-02 6.154808e+00
5.970000e+03 1.567485e-02 6.150934e+00
5.980000e+03 1.564572e-02 6.147648e+00
5.990000e+03 1.567903e-02 6.146967e+00
6.000000e+03 1.580437e-02 6.142270e+00
6.010000e+03 1.576423e-02 6.131832e+00
6.020000e+03 1.568311e-02 6.131108e+00
6.030000e+03 1.554547e-02 6.105997e+00
6.040000e+03 1.524087e-02 6.075050e+00
6.050000e+03 1.523853e-02 6.069413e+00
6.060000e+03 1.531410e-02 6.048344e+00
6.070000e+03 1.522826e-02 6.035336e+00
6.080000e+03 1.528524e-02 6.037563e+00
6.090000e+03 1.541017e-02 6.028964e+00
6.100000e+03 1.543726e-02 6.022930e+00
6.110000e+03 1.542307e-02 6.026802e+00
6.120000e+03 1.541006e-02 6.021535e+00
6.130000e+03 1.535400e-02 6.018487e+00
6.140000e+03 1.536663e-02 6.014413e+00
6.150000e+03 1.536179e-02 6.003491e+00
6.160000e+03 1.528820e-02 5.982025e+00
6.170000e+03 1.519729e-02 5.973329e+00
6.180000e+03 1.513775e-02 5.962730e+00
6.190000e+03 1.528177e-02 5.957457e+00
6.200000e+03 1.525696e-02 5.948162e+00
6.210000e+03 1.512387e-02 5.943907e+00
6.220000e+03 1.500648e-02 5.952305e+00
6.230000e+03 1.500892e-02 5.945847e+00
6.240000e+03 1.501770e-02 5.949335e+00
6.250000e+03 1.502462e-02 5.944841e+00
6.260000e+03 1.504479e-02 5.941911e+00
6.270000e+03 1.493356e-02 5.936673e+00
6.280000e+03 1.494332e-02 5.944665e+00
6.290000e+03 1.502554e-02 5.948815e+00
6.300000e+03 1.503948e-02 5.950569e+00
6.310000e+03 1.510293e-02 5.955639e+00
6.320000e+03 1.511326e-02 5.945559e+00
6.330000e+03 1.508167e-02 5.931922e+00
6.340000e+03 1.511867e-02 5.934118e+00
6.350000e+03 1.511574e-02 5.928068e+00
6.360000e+03 1.476170e-02 5.884234e+00
6.370000e+03 1.438215e-02 5.875393e+00
6.380000e+03 1.441012e-02 5.845246e+00
6.390000e+03 1.431396e-02 5.816185e+00
6.400000e+03 1.427587e-02 5.806902e+00
6.410000e+03 1.411100e-02 5.780531e+00
6.420000e+03 1.422655e-02 5.774830e+00
6.430000e+03 1.411555e-02 5.751143e+00
6.440000e+03 1.415258e-02 5.731574e+00
6.450000e+03 1.398478e-02 5.706346e+00
6.460000e+03 1.396230e-02 5.706497e+00
6.470000e+03 1.383494e-02 5.697778e+00
6.480000e+03 1.350163e-02 5.665693e+00
6.490000e+03 1.340099e-02 5.660360e+00
6.500000e+03 1.331017e-02 5.651595e+00
6.510000e+03 1.343874e-02 5.656028e+00
6.520000e+03 1.342874e-02 5.667320e+00
6.530000e+03 1.335380e-02 5.662415e+00
6.540000e+03 1.316416e-02 5.642279e+00
6.550000e+03 1.300134e-02 5.622469e+00
6.560000e+03 1.290863e-02 5.620669e+00
6.570000e+03 1.293942e-02 5.617505e+00
6.580000e+03 1.297066e-02 5.612607e+00
6.590000e+03 1.291881e-02 5.598651e+00
6.600000e+03 1.293996e-02 5.598695e+00
6.610000e+03 1.304693e-02 5.612095e+00
6.620000e+03 1.297162e-02 5.608348e+00
6.630000e+03 1.294951e-02 5.591758e+00
6.640000e+03 1.298836e-02 5.576494e+00
6.650000e+03 1.293502e-02 5.562662e+00
6.660000e+03 1.286165e-02 5.557245e+00
6.670000e+03 1.273440e-02 5.526982e+00
6.680000e+03 1.270022e-02 5.507130e+00
6.690000e+03 1.271110e-02 5.506899e+00
6.700000e+03 1.277957e-02 5.498899e+00
6.710000e+03 1.276254e-02 5.486559e+00
6.720000e+03 1.280746e-02 5.487022e+00
6.730000e+03 1.309523e-02 5.505549e+00
6.740000e+03 1.332068e-02 5.506353e+00
6.750000e+03 1.344402e-02 5.506961e+00
6.760000e+03 1.356650e-02 5.498358e+00
6.770000e+03 1.353231e-02 5.496941e+00
6.780000e+03 1.348529e-02 5.486036e+00
6.790000e+03 1.343466e-02 5.479864e+00
6.800000e+03 1.348887e-02 5.466995e+00
6.810000e+03 1.352265e-02 5.464261e+00
6.820000e+03 1.349406e-02 5.468723e+00
6.830000e+03 1.350736e-02 5.473530e+00
6.840000e+03 1.370672e-02 5.477228e+00
6.850000e+03 1.382328e-02 5.494751e+00
6.860000e+03 1.376035e-02 5.488835e+00
6.870000e+03 1.379387e-02 5.492096e+00
6.880000e+03 1.384096e-02 5.488402e+00
6.890000e+03 1.387604e-02 5.480957e+00
6.900000e+03 1.394220e-02 5.482777e+00
6.910000e+03 1.392831e-02 5.478017e+00
6.920000e+03 1.401146e-02 5.472574e+00
6.930000e+03 1.414516e-02 5.495896e+00
6.940000e+03 1.409846e-02 5.492236e+00
6.950000e+03 1.400098e-02 5.501277e+00
6.960000e+03 1.390394e-02 5.503603e+00
6.970000e+03 1.400433e-02 5.512574e+00
6.980000e+03 1.404367e-02 5.512161e+00
6.990000e+03 1.399076e-02 5.507135e+00
7.000000e+03 1.401622e-02 5.504419e+00
7.010000e+03 1.406418e-02 5.511086e+00
7.020000e+03 1.403224e-02 5.501112e+00
7.030000e+03 1.400781e-02 5.495986e+00
7.040000e+03 1.406518e-02 5.466261e+00
7.050000e+03 1.414241e-02 5.468524e+00
7.060000e+03 1.420604e-02 5.473787e+00
7.070000e+03 1.416881e-02 5.479167e+00
7.080000e+03 1.413860e-02 5.472647e+00
7.090000e+03 1.403147e-02 5.464793e+00
7.100000e+03 1.409932e-02 5.465191e+00
7.110000e+03 1.408393e-02 5.454749e+00
7.120000e+03 1.409283e-02 5.450759e+00
7.130000e+03 1.412469e-02 5.445639e+00
7.140000e+03 1.411419e-02 5.443125e+00
7.150000e+03 1.416231e-02 5.444644e+00
7.160000e+03 1.423640e-02 5.447076e+00
7.170000e+03 1.419560e-02 5.443633e+00
7.180000e+03 1.416424e-02 5.437780e+00
7.190000e+03 1.415942e-02 5.430236e+00
7.200000e+03 1.408848e-02 5.430301e+00
7.210000e+03 1.412145e-02 5.432141e+00
7.220000e+03 1.412841e-02 5.432578e+00
7.230000e+03 1.414015e-02 5.429958e+00
7.240000e+03 1.416815e-02 5.419088e+00
7.250000e+03 1.418019e-02 5.413189e+00
7.260000e+03 1.418608e-02 5.412683e+00
7.270000e+03 1.416665e-02 5.412300e+00
7.280000e+03 1.407639e-02 5.411592e+00
7.290000e+03 1.407818e-02 5.409290e+00
7.300000e+03 1.408845e-02 5.408087e+00
7.310000e+03 1.414530e-02 5.412625e+00
7.320000e+03 1.421034e-02 5.409468e+00
7.330000e+03 1.422825e-02 5.415625e+00
7.340000e+03 1.427757e-02 5.415675e+00
7.350000e+03 1.439557e-02 5.413945e+00
7.360000e+03 1.440616e-02 5.407760e+00
7.370000e+03 1.448687e-02 5.408325e+00
7.380000e+03 1.451661e-02 5.407068e+00
7.390000e+03 1.454813e-02 5.409739e+00
7.400000e+03 1.455918e-02 5.406739e+00
7.410000e+03 1.455873e-02 5.403907e+00
7.420000e+03 1.457969e-02 5.397403e+00
7.430000e+03 1.450030e-02 5.394306e+00
7.440000e+03 1.442310e-02 5.383338e+00
7.450000e+03 1.446571e-02 5.384060e+00
7.460000e+03 1.432374e-02 5.380527e+00
7.470000e+03 1.421113e-02 5.373397e+00
7.480000e+03 1.416603e-02 5.365550e+00
7.490000e+03 1.413068e-02 5.369962e+00
7.500000e+03 1.381008e-02 5.354434e+00
7.510000e+03 1.358984e-02 5.343870e+00
7.520000e+03 1.352136e-02 5.334199e+00
7.530000e+03 1.348824e-02 5.329058e+00
7.540000e+03 1.346280e-02 5.328325e+00
7.550000e+03 1.341612e-02 5.328767e+00
7.560000e+03 1.337698e-02 5.326804e+00
7.570000e+03 1.329523e-02 5.325318e+00
7.580000e+03 1.321451e-02 5.317475e+00
7.590000e+03 1.322694e-02 5.318937e+00
7.600000e+03 1.320941e-02 5.320074e+00
7.610000e+03 1.325191e-02 5.310861e+00
7.620000e+03 1.324638e-02 5.307267e+00
7.630000e+03 1.325983e-02 5.306629e+00
7.640000e+03 1.323104e-02 5.300099e+00
7.650000e+03 1.340524e-02 5.293107e+00
7.660000e+03 1.334333e-02 5.287988e+00
7.670000e+03 1.329557e-02 5.280499e+00
7.680000e+03 1.333471e-02 5.280959e+00
7.690000e+03 1.332241e-02 5.272261e+00
7.700000e+03 1.324994e-02 5.263324e+00
7.710000e+03 1.320077e-02 5.255043e+00
7.720000e+03 1.315114e-02 5.246457e+00
7.730000e+03 1.314238e-02 5.240038e+00
7.740000e+03 1.315168e-02 5.241744e+00
7.750000e+03 1.308906e-02 5.234294e+00
7.760000e+03 1.302174e-02 5.224931e+00
7.770000e+03 1.294784e-02 5.211054e+00
7.780000e+03 1.299307e-02 5.211694e+00
7.790000e+03 1.300506e-02 5.216909e+00
7.800000e+03 1.302453e-02 5.214571e+00
7.810000e+03 1.303290e-02 5.213497e+00
7.820000e+03 1.306934e-02 5.212862e+00
7.830000e+03 1.306669e-02 5.209940e+00
7.840000e+03 1.308866e-02 5.209257e+00
7.850000e+03 1.308898e-02 5.209776e+00
7.860000e+03 1.305311e-02 5.209256e+00
7.870000e+03 1.306236e-02 5.217432e+00
7.880000e+03 1.327243e-02 5.229185e+00
7.890000e+03 1.322195e-02 5.229018e+00
7.900000e+03 1.325686e-02 5.227083e+00
7.910000e+03 1.323177e-02 5.227110e+00
7.920000e+03 1.313105e-02 5.222622e+00
7.930000e+03 1.313356e-02 5.222037e+00
7.940000e+03 1.313761e-02 5.225149e+00
7.950000e+03 1.309098e-02 5.223221e+00
7.960000e+03 1.315900e-02 5.233250e+00
7.970000e+03 1.319483e-02 5.237412e+00
7.980000e+03 1.318749e-02 5.240107e+00
7.990000e+03 1.311597e-02 5.250876e+00
8.000000e+03 1.326626e-02 5.254433e+00
8.010000e+03 1.319162e-02 5.246131e+00
8.020000e+03 1.318444e-02 5.245030e+00
8.030000e+03 1.310600e-02 5.249583e+00
8.040000e+03 1.306006e-02 5.249767e+00
8.050000e+03 1.304587e-02 5.248413e+00
8.060000e+03 1.291379e-02 5.243737e+00
8.070000e+03 1.292831e-02 5.239277e+00
8.080000e+03 1.296292e-02 5.240777e+00
8.090000e+03 1.295393e-02 5.240345e+00
8.100000e+03 1.299602e-02 5.246571e+00
8.110000e+03 1.304798e-02 5.247482e+00
8.120000e+03 1.307010e-02 5.244579e+00
8.130000e+03 1.311076e-02 5.245311e+00
8.140000e+03 1.304545e-02 5.240370e+00
8.150000e+03 1.301742e-02 5.240302e+00
8.160000e+03 1.298225e-02 5.233028e+00
8.170000e+03 1.303008e-02 5.229770e+00
8.180000e+03 1.300590e-02 5.228699e+00
8.190000e+03 1.301925e-02 5.232871e+00
8.200000e+03 1.300356e-02 5.230547e+00
8.210000e+03 1.300030e-02 5.234704e+00
8.220000e+03 1.297123e-02 5.244195e+00
8.230000e+03 1.296593e-02 5.243065e+00
8.240000e+03 1.294201e-02 5.244132e+00
8.250000e+03 1.298560e-02 5.242122e+00
8.260000e+03 1.305536e-02 5.242152e+00
8.270000e+03 1.309989e-02 5.241525e+00
8.280000e+03 1.320416e-02 5.242086e+00
8.290000e+03 1.320898e-02 5.248651e+00
8.300000e+03 1.330128e-02 5.258433e+00
8.310000e+03 1.332705e-02 5.263942e+00
8.320000e+03 1.338286e-02 5.268613e+00
8.330000e+03 1.342675e-02 5.265451e+00
8.340000e+03 1.342727e-02 5.262257e+00
8.350000e+03 1.345620e-02 5.259377e+00
8.360000e+03 1.342167e-02 5.258229e+00
8.370000e+03 1.338324e-02 5.253748e+00
8.380000e+03 1.336579e-02 5.247977e+00
8.390000e+03 1.334637e-02 5.246569e+00
8.400000e+03 1.333569e-02 5.245123e+00
8.410000e+03 1.331128e-02 5.242037e+00
8.420000e+03 1.331203e-02 5.238947e+00
8.430000e+03 1.327194e-02 5.234941e+00
8.440000e+03 1.329273e-02 5.234013e+00
8.450000e+03 1.333329e-02 5.230723e+00
8.460000e+03 1.335939e-02 5.233067e+00
8.470000e+03 1.336749e-02 5.233557e+00
8.480000e+03 1.343147e-02 5.237663e+00
8.490000e+03 1.342924e-02 5.234918e+00
8.500000e+03 1.345161e-02 5.233384e+00
8.510000e+03 1.343546e-02 5.227876e+00
8.520000e+03 1.345696e-02 5.225023e+00
8.530000e+03 1.346211e-02 5.224644e+00
8.540000e+03 1.347870e-02 5.225665e+00
8.550000e+03 1.346655e-02 5.222578e+00
8.560000e+03 1.348339e-02 5.218490e+00
8.570000e+03 1.349499e-02 5.217808e+00
8.580000e+03 1.347132e-02 5.210453e+00
8.590000e+03 1.346277e-02 5.208495e+00
8.600000e+03 1.344082e-02 5.211520e+00
8.610000e+03 1.343618e-02 5.212890e+00
8.620000e+03 1.344076e-02 5.214940e+00
8.630000e+03 1.337659e-02 5.213183e+00
8.640000e+03 1.332068e-02 5.209653e+00
8.650000e+03 1.330481e-02 5.209383e+00
8.660000e+03 1.325632e-02 5.209412e+00
8.670000e+03 1.326260e-02 5.207473e+00
8.680000e+03 1.325337e-02 5.207991e+00
8.690000e+03 1.325447e-02 5.208995e+00
8.700000e+03 1.325529e-02 5.209312e+00
8.710000e+03 1.325440e-02 5.209776e+00
8.720000e+03 1.329466e-02 5.208602e+00
8.730000e+03 1.330479e-02 5.208874e+00
8.740000e+03 1.333769e-02 5.211797e+00
8.750000e+03 1.328172e-02 5.209790e+00
8.760000e+03 1.329845e-02 5.209523e+00
8.770000e+03 1.329656e-02 5.208142e+00
8.780000e+03 1.330862e-02 5.207827e+00
8.790000e+03 1.330580e-02 5.208075e+00
8.800000e+03 1.330487e-02 5.208009e+00
8.810000e+03 1.328521e-02 5.205032e+00
8.820000e+03 1.327842e-02 5.203925e+00
8.830000e+03 1.325850e-02 5.203282e+00
8.840000e+03 1.321601e-02 5.198869e+00
8.850000e+03 1.320102e-02 5.200790e+00
8.860000e+03 1.322372e-02 5.200686e+00
8.870000e+03 1.325624e-02 5.202963e+00
8.880000e+03 1.326176e-02 5.204099e+00
8.890000e+03 1.326319e-02 5.204107e+00
8.900000e+03 1.324716e-02 5.202593e+00
8.910000e+03 1.323230e-02 5.201609e+00
8.920000e+03 1.332351e-02 5.204866e+00
8.930000e+03 1.332419e-02 5.205276e+00
8.940000e+03 1.328324e-02 5.200908e+00
8.950000e+03 1.328506e-02 5.200294e+00
8.960000e+03 1.324824e-02 5.193286e+00
8.970000e+03 1.325975e-02 5.192351e+00
8.980000e+03 1.325156e-02 5.187949e+00
8.990000e+03 1.325117e-02 5.186763e+00
9.000000e+03 1.322747e-02 5.182709e+00
9.010000e+03 1.322729e-02 5.181717e+00
9.020000e+03 1.319249e-02 5.185514e+00
9.030000e+03 1.315374e-02 5.184294e+00
9.040000e+03 1.316715e-02 5.185956e+00
9.050000e+03 1.317355e-02 5.182130e+00
9.060000e+03 1.311534e-02 5.180033e+00
9.070000e+03 1.319622e-02 5.183598e+00
9.080000e+03 1.319305e-02 5.183584e+00
9.090000e+03 1.312840e-02 5.188443e+00
9.100000e+03 1.315185e-02 5.190248e+00
9.110000e+03 1.315554e-02 5.184926e+00
9.120000e+03 1.322043e-02 5.192302e+00
9.130000e+03 1.316842e-02 5.188813e+00
9.140000e+03 1.314188e-02 5.185211e+00
9.150000e+03 1.318504e-02 5.187485e+00
9.160000e+03 1.320470e-02 5.190322e+00
9.170000e+03 1.319603e-02 5.188038e+00
9.180000e+03 1.324486e-02 5.188150e+00
9.190000e+03 1.332026e-02 5.190045e+00
9.200000e+03 1.336974e-02 5.192486e+00
9.210000e+03 1.338350e-02 5.190864e+00
9.220000e+03 1.343240e-02 5.187878e+00
9.230000e+03 1.346037e-02 5.183134e+00
9.240000e+03 1.364491e-02 5.177094e+00
9.250000e+03 1.365485e-02 5.177297e+00
9.260000e+03 1.366207e-02 5.174027e+00
9.270000e+03 1.365069e-02 5.177571e+00
9.280000e+03 1.367152e-02 5.178406e+00
9.290000e+03 1.369440e-02 5.176472e+00
9.300000e+03 1.372787e-02 5.179286e+00
9.310000e+03 1.377004e-02 5.181427e+00
9.320000e+03 1.381949e-02 5.180132e+00
9.330000e+03 1.381008e-02 5.181808e+00
9.340000e+03 1.375202e-02 5.179016e+00
9.350000e+03 1.372741e-02 5.180888e+00
9.360000e+03 1.368391e-02 5.176339e+00
9.370000e+03 1.366826e-02 5.170436e+00
9.380000e+03 1.375086e-02 5.179410e+00
9.390000e+03 1.380411e-02 5.181569e+00
9.400000e+03 1.374197e-02 5.177808e+00
9.410000e+03 1.370739e-02 5.178118e+00
9.420000e+03 1.369448e-02 5.171945e+00
9.430000e+03 1.377605e-02 5.169467e+00
9.440000e+03 1.380770e-02 5.170774e+00
9.450000e+03 1.377281e-02 5.163082e+00
9.460000e+03 1.377807e-02 5.153988e+00
9.470000e+03 1.387813e-02 5.160499e+00
9.480000e+03 1.388807e-02 5.161167e+00
9.490000e+03 1.384944e-02 5.158500e+00
9.500000e+03 1.381996e-02 5.162843e+00
9.510000e+03 1.379168e-02 5.165147e+00
9.520000e+03 1.379297e-02 5.164618e+00
9.530000e+03 1.378759e-02 5.164816e+00
9.540000e+03 1.375337e-02 5.166550e+00
9.550000e+03 1.378438e-02 5.168004e+00
9.560000e+03 1.379916e-02 5.168951e+00
9.570000e+03 1.380662e-02 5.163203e+00
9.580000e+03 1.381163e-02 5.160521e+00
9.590000e+03 1.375070e-02 5.158852e+00
9.600000e+03 1.374096e-02 5.157296e+00
9.610000e+03 1.363893e-02 5.148223e+00
9.620000e+03 1.363817e-02 5.147447e+00
9.630000e+03 1.368911e-02 5.145987e+00
9.640000e+03 1.369632e-02 5.147330e+00
9.650000e+03 1.363741e-02 5.150054e+00
9.660000e+03 1.358392e-02 5.149430e+00
9.670000e+03 1.351779e-02 5.138354e+00
9.680000e+03 1.346713e-02 5.134549e+00
9.690000e+03 1.342725e-02 5.128243e+00
9.700000e+03 1.343408e-02 5.128748e+00
9.710000e+03 1.343426e-02 5.130166e+00
9.720000e+03 1.338118e-02 5.129784e+00
9.730000e+03 1.337309e-02 5.129083e+00
9.740000e+03 1.327051e-02 5.126081e+00
9.750000e+03 1.328978e-02 5.125998e+00
9.760000e+03 1.324028e-02 5.127371e+00
9.770000e+03 1.325423e-02 5.129520e+00
9.780000e+03 1.325059e-02 5.122046e+00
9.790000e+03 1.324074e-02 5.122273e+00
9.800000e+03 1.321140e-02 5.125774e+00
9.810000e+03 1.321551e-02 5.125722e+00
9.820000e+03 1.322100e-02 5.125786e+00
9.830000e+03 1.329483e-02 5.128583e+00
9.840000e+03 1.335422e-02 5.128082e+00
9.850000e+03 1.335334e-02 5.128365e+00
9.860000e+03 1.333619e-02 5.125846e+00
9.870000e+03 1.336141e-02 5.125482e+00
9.880000e+03 1.347910e-02 5.132553e+00
9.890000e+03 1.342345e-02 5.125503e+00
9.900000e+03 1.332470e-02 5.119945e+00
9.910000e+03 1.333404e-02 5.119184e+00
9.920000e+03 1.331259e-02 5.118333e+00
9.930000e+03 1.326592e-02 5.115322e+00
9.940000e+03 1.328143e-02 5.116838e+00
9.950000e+03 1.334997e-02 5.108295e+00
9.960000e+03 1.333357e-02 5.100503e+00
9.970000e+03 1.331152e-02 5.099622e+00
9.980000e+03 1.315874e-02 5.086891e+00
9.990000e+03 1.315239e-02 5.080974e+00
1.000000e+04 1.310858e-02 5.078737e+00
